aa 00000
04 00001
00 00002
01 00003
03 00004
0c 00005
00 00006
bb 00007
07 00008
04 00009
0e 00010
04 00011
01 00012
03 00013
0c 00014
00 00015
aa 00016
04 00017
08 00018
01 00019
0c 00020
fc 00021
08 00022
00 00023
06 00024
eb 00025
a2 00026
00 00027
26 00028
e1 00029
80 00030
bb 00031
07 00032
04 00033
0e 00034
04 00035
01 00036
0c 00037
fc 00038
00 00039
aa 00040
04 00041
08 00042
01 00043
0c 00044
fc 00045
08 00046
2e 00047
06 00048
eb 00049
a2 00050
00 00051
00 00052
6e 00053
ed 00054
bb 00055
07 00056
04 00057
0e 00058
04 00059
01 00060
0c 00061
fc 00062
00 00063
aa 00064
04 00065
12 00066
01 00067
0c 00068
fc 00069
12 00070
18 00071
10 00072
12 00073
34 00074
56 00075
78 00076
9a 00077
bc 00078
de 00079
f0 00080
12 00081
34 00082
56 00083
78 00084
9a 00085
bc 00086
de 00087
f0 00088
bb 00089
07 00090
04 00091
0e 00092
04 00093
01 00094
0c 00095
fc 00096
00 00097
aa 00098
04 00099
12 00100
01 00101
0c 00102
fc 00103
12 00104
08 00105
10 00106
fe 00107
dc 00108
ba 00109
09 00110
87 00111
65 00112
43 00113
21 00114
fe 00115
dc 00116
ba 00117
09 00118
87 00119
65 00120
43 00121
21 00122
bb 00123
07 00124
04 00125
0e 00126
04 00127
01 00128
0c 00129
fc 00130
00 00131
aa 00132
04 00133
02 00134
01 00135
0f 00136
fc 00137
02 00138
01 00139
18 00140
bb 00141
07 00142
04 00143
0e 00144
04 00145
01 00146
0f 00147
fc 00148
00 00149
aa 00150
04 00151
00 00152
01 00153
01 00154
fd 00155
00 00156
bb 00157
07 00158
04 00159
0e 00160
04 00161
01 00162
01 00163
fd 00164
00 00165
aa 00166
04 00167
03 00168
01 00169
8a 00170
fc 00171
03 00172
05 00173
00 00174
07 00175
bb 00176
0d 00177
04 00178
0e 00179
0a 00180
01 00181
8a 00182
fc 00183
00 00184
05 00185
00 00186
06 00187
00 00188
08 00189
00 00190
aa 00191
04 00192
0d 00193
01 00194
06 00195
fd 00196
0d 00197
05 00198
00 00199
06 00200
00 00201
00 00202
07 00203
53 00204
54 00205
4d 00206
33 00207
32 00208
57 00209
42 00210
bb 00211
07 00212
04 00213
0e 00214
04 00215
01 00216
06 00217
fd 00218
00 00219
aa 00220
04 00221
08 00222
01 00223
06 00224
fd 00225
08 00226
05 00227
00 00228
08 00229
00 00230
00 00231
02 00232
00 00233
00 00234
bb 00235
07 00236
04 00237
0e 00238
04 00239
01 00240
06 00241
fd 00242
00 00243
aa 00244
04 00245
01 00246
01 00247
85 00248
fc 00249
01 00250
00 00251
bb 00252
07 00253
04 00254
0e 00255
04 00256
01 00257
85 00258
fc 00259
00 00260
aa 00261
04 00262
0c 00263
01 00264
86 00265
fc 00266
0c 00267
01 00268
01 00269
00 00270
00 00271
08 00272
10 00273
00 00274
07 00275
b2 00276
01 00277
00 00278
00 00279
bb 00280
07 00281
04 00282
0e 00283
04 00284
01 00285
86 00286
fc 00287
00 00288
aa 00289
04 00290
00 00291
01 00292
92 00293
fc 00294
00 00295
bb 00296
07 00297
04 00298
0e 00299
04 00300
01 00301
92 00302
fc 00303
00 00304
aa 00305
04 00306
02 00307
01 00308
18 00309
fc 00310
02 00311
20 00312
00 00313
bb 00314
07 00315
04 00316
0e 00317
04 00318
01 00319
18 00320
fc 00321
00 00322
aa 00323
04 00324
00 00325
01 00326
01 00327
10 00328
00 00329
bb 00330
0f 00331
04 00332
0e 00333
0c 00334
01 00335
01 00336
10 00337
00 00338
09 00339
28 00340
00 00341
09 00342
30 00343
00 00344
28 00345
21 00346
aa 00347
04 00348
06 00349
01 00350
97 00351
fc 00352
06 00353
20 00354
03 00355
20 00356
03 00357
00 00358
01 00359
bb 00360
07 00361
04 00362
0f 00363
04 00364
00 00365
01 00366
97 00367
fc 00368
bb 00369
2c 00370
04 00371
3e 00372
29 00373
02 00374
01 00375
00 00376
00 00377
e8 00378
49 00379
00 00380
26 00381
e1 00382
80 00383
1d 00384
0d 00385
ff 00386
01 00387
83 00388
00 00389
00 00390
00 00391
00 00392
80 00393
e1 00394
26 00395
00 00396
49 00397
e8 00398
02 00399
01 00400
06 00401
08 00402
09 00403
50 00404
32 00405
50 00406
53 00407
52 00408
56 00409
31 00410
02 00411
0a 00412
00 00413
d2 00414
bb 00415
0f 00416
04 00417
3e 00418
0c 00419
02 00420
01 00421
04 00422
00 00423
e8 00424
49 00425
00 00426
26 00427
e1 00428
80 00429
00 00430
d2 00431
bb 00432
19 00433
04 00434
3e 00435
16 00436
02 00437
01 00438
04 00439
01 00440
cf 00441
84 00442
dd 00443
5e 00444
5f 00445
5d 00446
0a 00447
09 00448
ff 00449
e0 00450
00 00451
01 00452
47 00453
ca 00454
91 00455
17 00456
73 00457
b7 00458
bb 00459
1d 00460
04 00461
3e 00462
1a 00463
02 00464
01 00465
00 00466
01 00467
23 00468
22 00469
e1 00470
15 00471
e4 00472
fc 00473
0e 00474
02 00475
01 00476
06 00477
03 00478
02 00479
af 00480
fe 00481
06 00482
09 00483
4e 00484
30 00485
33 00486
39 00487
5a 00488
9f 00489
bb 00490
2e 00491
04 00492
3e 00493
2b 00494
02 00495
01 00496
00 00497
01 00498
a3 00499
c8 00500
70 00501
e4 00502
02 00503
ce 00504
1f 00505
02 00506
01 00507
06 00508
11 00509
06 00510
42 00511
ae 00512
20 00513
c0 00514
09 00515
5c 00516
f8 00517
a1 00518
e8 00519
48 00520
d4 00521
31 00522
01 00523
01 00524
12 00525
af 00526
09 00527
09 00528
4c 00529
55 00530
4d 00531
4f 00532
2a 00533
00 00534
0e 00535
01 00536
b1 00537
bb 00538
2c 00539
04 00540
3e 00541
29 00542
02 00543
01 00544
00 00545
00 00546
e8 00547
49 00548
00 00549
26 00550
e1 00551
80 00552
1d 00553
0d 00554
ff 00555
01 00556
83 00557
00 00558
00 00559
00 00560
00 00561
80 00562
e1 00563
26 00564
00 00565
49 00566
e8 00567
02 00568
01 00569
06 00570
08 00571
09 00572
50 00573
32 00574
50 00575
53 00576
52 00577
56 00578
31 00579
02 00580
0a 00581
00 00582
d2 00583
bb 00584
19 00585
04 00586
3e 00587
16 00588
02 00589
01 00590
04 00591
01 00592
1a 00593
d5 00594
ed 00595
5e 00596
e9 00597
46 00598
0a 00599
09 00600
ff 00601
e0 00602
00 00603
01 00604
37 00605
ca 00606
86 00607
ca 00608
68 00609
cc 00610
bb 00611
19 00612
04 00613
3e 00614
16 00615
02 00616
01 00617
04 00618
01 00619
7c 00620
6e 00621
e3 00622
89 00623
e7 00624
7a 00625
0a 00626
09 00627
ff 00628
e0 00629
00 00630
01 00631
39 00632
ca 00633
8b 00634
19 00635
7b 00636
ab 00637
bb 00638
19 00639
04 00640
3e 00641
16 00642
02 00643
01 00644
04 00645
01 00646
ef 00647
01 00648
90 00649
7b 00650
f0 00651
51 00652
0a 00653
09 00654
ff 00655
e0 00656
00 00657
01 00658
16 00659
ca 00660
61 00661
5a 00662
44 00663
aa 00664
bb 00665
2c 00666
04 00667
3e 00668
29 00669
02 00670
01 00671
00 00672
00 00673
e8 00674
49 00675
00 00676
26 00677
e1 00678
80 00679
1d 00680
0d 00681
ff 00682
01 00683
83 00684
00 00685
00 00686
00 00687
00 00688
80 00689
e1 00690
26 00691
00 00692
49 00693
e8 00694
02 00695
01 00696
06 00697
08 00698
09 00699
50 00700
32 00701
50 00702
53 00703
52 00704
56 00705
31 00706
02 00707
0a 00708
00 00709
d2 00710
bb 00711
0f 00712
04 00713
3e 00714
0c 00715
02 00716
01 00717
04 00718
00 00719
e8 00720
49 00721
00 00722
26 00723
e1 00724
80 00725
00 00726
d2 00727
bb 00728
19 00729
04 00730
3e 00731
16 00732
02 00733
01 00734
04 00735
01 00736
cf 00737
84 00738
dd 00739
5e 00740
5f 00741
5d 00742
0a 00743
09 00744
ff 00745
e0 00746
00 00747
01 00748
47 00749
ca 00750
91 00751
17 00752
73 00753
b7 00754
bb 00755
19 00756
04 00757
3e 00758
16 00759
02 00760
01 00761
04 00762
01 00763
1a 00764
d5 00765
ed 00766
5e 00767
e9 00768
46 00769
0a 00770
09 00771
ff 00772
e0 00773
00 00774
01 00775
37 00776
ca 00777
86 00778
ca 00779
68 00780
cd 00781
bb 00782
2c 00783
04 00784
3e 00785
29 00786
02 00787
01 00788
00 00789
00 00790
e8 00791
49 00792
00 00793
26 00794
e1 00795
80 00796
1d 00797
0d 00798
ff 00799
01 00800
83 00801
00 00802
00 00803
00 00804
00 00805
80 00806
e1 00807
26 00808
00 00809
49 00810
e8 00811
02 00812
01 00813
06 00814
08 00815
09 00816
50 00817
32 00818
50 00819
53 00820
52 00821
56 00822
31 00823
02 00824
0a 00825
00 00826
cf 00827
bb 00828
2e 00829
04 00830
3e 00831
2b 00832
02 00833
01 00834
00 00835
01 00836
a3 00837
c8 00838
70 00839
e4 00840
02 00841
ce 00842
1f 00843
02 00844
01 00845
06 00846
11 00847
06 00848
42 00849
ae 00850
20 00851
c0 00852
09 00853
5c 00854
f8 00855
a1 00856
e8 00857
48 00858
d4 00859
31 00860
01 00861
01 00862
12 00863
af 00864
09 00865
09 00866
4c 00867
55 00868
4d 00869
4f 00870
2a 00871
00 00872
0e 00873
01 00874
b1 00875
bb 00876
0f 00877
04 00878
3e 00879
0c 00880
02 00881
01 00882
04 00883
01 00884
a3 00885
c8 00886
70 00887
e4 00888
02 00889
ce 00890
00 00891
b1 00892
bb 00893
2c 00894
04 00895
3e 00896
29 00897
02 00898
01 00899
00 00900
00 00901
e8 00902
49 00903
00 00904
26 00905
e1 00906
80 00907
1d 00908
0d 00909
ff 00910
01 00911
83 00912
00 00913
00 00914
00 00915
00 00916
80 00917
e1 00918
26 00919
00 00920
49 00921
e8 00922
02 00923
01 00924
06 00925
08 00926
09 00927
50 00928
32 00929
50 00930
53 00931
52 00932
56 00933
31 00934
02 00935
0a 00936
00 00937
cf 00938
bb 00939
19 00940
04 00941
3e 00942
16 00943
02 00944
01 00945
04 00946
01 00947
ef 00948
01 00949
90 00950
7b 00951
f0 00952
51 00953
0a 00954
09 00955
ff 00956
e0 00957
00 00958
01 00959
16 00960
ca 00961
61 00962
5a 00963
44 00964
b1 00965
bb 00966
0f 00967
04 00968
3e 00969
0c 00970
02 00971
01 00972
04 00973
00 00974
e8 00975
49 00976
00 00977
26 00978
e1 00979
80 00980
00 00981
cf 00982
bb 00983
2e 00984
04 00985
3e 00986
2b 00987
02 00988
01 00989
00 00990
01 00991
a3 00992
c8 00993
70 00994
e4 00995
02 00996
ce 00997
1f 00998
02 00999
01 01000
06 01001
11 01002
06 01003
42 01004
ae 01005
20 01006
c0 01007
09 01008
5c 01009
f8 01010
a1 01011
e8 01012
48 01013
d4 01014
31 01015
01 01016
01 01017
12 01018
af 01019
09 01020
09 01021
4c 01022
55 01023
4d 01024
4f 01025
2a 01026
00 01027
0e 01028
01 01029
a3 01030
bb 01031
1d 01032
04 01033
3e 01034
1a 01035
02 01036
01 01037
00 01038
01 01039
19 01040
d9 01041
28 01042
9c 01043
60 01044
73 01045
0e 01046
02 01047
01 01048
1a 01049
0a 01050
ff 01051
4c 01052
00 01053
10 01054
05 01055
13 01056
18 01057
94 01058
84 01059
43 01060
99 01061
bb 01062
2c 01063
04 01064
3e 01065
29 01066
02 01067
01 01068
00 01069
00 01070
e8 01071
49 01072
00 01073
26 01074
e1 01075
80 01076
1d 01077
0d 01078
ff 01079
01 01080
83 01081
00 01082
00 01083
00 01084
00 01085
80 01086
e1 01087
26 01088
00 01089
49 01090
e8 01091
02 01092
01 01093
06 01094
08 01095
09 01096
50 01097
32 01098
50 01099
53 01100
52 01101
56 01102
31 01103
02 01104
0a 01105
00 01106
cf 01107
bb 01108
19 01109
04 01110
3e 01111
16 01112
02 01113
01 01114
04 01115
01 01116
cf 01117
84 01118
dd 01119
5e 01120
5f 01121
5d 01122
0a 01123
09 01124
ff 01125
e0 01126
00 01127
01 01128
47 01129
ca 01130
91 01131
17 01132
73 01133
af 01134
bb 01135
1d 01136
04 01137
3e 01138
1a 01139
02 01140
01 01141
00 01142
01 01143
23 01144
22 01145
e1 01146
15 01147
e4 01148
fc 01149
0e 01150
02 01151
01 01152
06 01153
03 01154
02 01155
af 01156
fe 01157
06 01158
09 01159
4e 01160
30 01161
33 01162
39 01163
5a 01164
ab 01165
bb 01166
24 01167
04 01168
3e 01169
21 01170
02 01171
01 01172
04 01173
01 01174
23 01175
22 01176
e1 01177
15 01178
e4 01179
fc 01180
15 01181
14 01182
16 01183
af 01184
fe 01185
10 01186
01 01187
00 01188
02 01189
5a 01190
23 01191
09 01192
00 01193
8f 01194
59 01195
32 01196
00 01197
00 01198
30 01199
b4 01200
18 01201
00 01202
ab 01203
bb 01204
19 01205
04 01206
3e 01207
16 01208
02 01209
01 01210
04 01211
01 01212
1a 01213
d5 01214
ed 01215
5e 01216
e9 01217
46 01218
0a 01219
09 01220
ff 01221
e0 01222
00 01223
01 01224
37 01225
ca 01226
86 01227
ca 01228
68 01229
c0 01230
bb 01231
19 01232
04 01233
3e 01234
16 01235
02 01236
01 01237
04 01238
01 01239
ef 01240
01 01241
90 01242
7b 01243
f0 01244
51 01245
0a 01246
09 01247
ff 01248
e0 01249
00 01250
01 01251
16 01252
ca 01253
61 01254
5a 01255
44 01256
b1 01257
bb 01258
2c 01259
04 01260
3e 01261
29 01262
02 01263
01 01264
00 01265
00 01266
e8 01267
49 01268
00 01269
26 01270
e1 01271
80 01272
1d 01273
0d 01274
ff 01275
01 01276
83 01277
00 01278
00 01279
00 01280
00 01281
80 01282
e1 01283
26 01284
00 01285
49 01286
e8 01287
02 01288
01 01289
06 01290
08 01291
09 01292
50 01293
32 01294
50 01295
53 01296
52 01297
56 01298
31 01299
02 01300
0a 01301
00 01302
cf 01303
bb 01304
0f 01305
04 01306
3e 01307
0c 01308
02 01309
01 01310
04 01311
00 01312
e8 01313
49 01314
00 01315
26 01316
e1 01317
80 01318
00 01319
cf 01320
bb 01321
19 01322
04 01323
3e 01324
16 01325
02 01326
01 01327
04 01328
01 01329
7c 01330
6e 01331
e3 01332
89 01333
e7 01334
7a 01335
0a 01336
09 01337
ff 01338
e0 01339
00 01340
01 01341
39 01342
ca 01343
8b 01344
19 01345
7b 01346
ac 01347
bb 01348
2c 01349
04 01350
3e 01351
29 01352
02 01353
01 01354
00 01355
00 01356
e8 01357
49 01358
00 01359
26 01360
e1 01361
80 01362
1d 01363
0d 01364
ff 01365
01 01366
83 01367
00 01368
00 01369
00 01370
00 01371
80 01372
e1 01373
26 01374
00 01375
49 01376
e8 01377
02 01378
01 01379
06 01380
08 01381
09 01382
50 01383
32 01384
50 01385
53 01386
52 01387
56 01388
31 01389
02 01390
0a 01391
00 01392
d2 01393
bb 01394
2e 01395
04 01396
3e 01397
2b 01398
02 01399
01 01400
00 01401
01 01402
a3 01403
c8 01404
70 01405
e4 01406
02 01407
ce 01408
1f 01409
02 01410
01 01411
06 01412
11 01413
06 01414
42 01415
ae 01416
20 01417
c0 01418
09 01419
5c 01420
f8 01421
a1 01422
e8 01423
48 01424
d4 01425
31 01426
01 01427
01 01428
12 01429
af 01430
09 01431
09 01432
4c 01433
55 01434
4d 01435
4f 01436
2a 01437
00 01438
0e 01439
01 01440
ad 01441
bb 01442
2c 01443
04 01444
3e 01445
29 01446
02 01447
01 01448
00 01449
00 01450
e8 01451
49 01452
00 01453
26 01454
e1 01455
80 01456
1d 01457
0d 01458
ff 01459
01 01460
83 01461
00 01462
00 01463
00 01464
00 01465
80 01466
e1 01467
26 01468
00 01469
49 01470
e8 01471
02 01472
01 01473
06 01474
08 01475
09 01476
50 01477
32 01478
50 01479
53 01480
52 01481
56 01482
31 01483
02 01484
0a 01485
00 01486
d1 01487
bb 01488
19 01489
04 01490
3e 01491
16 01492
02 01493
01 01494
04 01495
01 01496
cf 01497
84 01498
dd 01499
5e 01500
5f 01501
5d 01502
0a 01503
09 01504
ff 01505
e0 01506
00 01507
01 01508
47 01509
ca 01510
91 01511
17 01512
73 01513
b6 01514
bb 01515
19 01516
04 01517
3e 01518
16 01519
02 01520
01 01521
04 01522
01 01523
1a 01524
d5 01525
ed 01526
5e 01527
e9 01528
46 01529
0a 01530
09 01531
ff 01532
e0 01533
00 01534
01 01535
37 01536
ca 01537
86 01538
ca 01539
68 01540
cc 01541
bb 01542
2c 01543
04 01544
3e 01545
29 01546
02 01547
01 01548
00 01549
00 01550
e8 01551
49 01552
00 01553
26 01554
e1 01555
80 01556
1d 01557
0d 01558
ff 01559
01 01560
83 01561
00 01562
00 01563
00 01564
00 01565
80 01566
e1 01567
26 01568
00 01569
49 01570
e8 01571
02 01572
01 01573
06 01574
08 01575
09 01576
50 01577
32 01578
50 01579
53 01580
52 01581
56 01582
31 01583
02 01584
0a 01585
00 01586
d1 01587
bb 01588
19 01589
04 01590
3e 01591
16 01592
02 01593
01 01594
04 01595
01 01596
ef 01597
01 01598
90 01599
7b 01600
f0 01601
51 01602
0a 01603
09 01604
ff 01605
e0 01606
00 01607
01 01608
16 01609
ca 01610
61 01611
5a 01612
44 01613
ac 01614
bb 01615
0f 01616
04 01617
3e 01618
0c 01619
02 01620
01 01621
04 01622
00 01623
e8 01624
49 01625
00 01626
26 01627
e1 01628
80 01629
00 01630
d1 01631
bb 01632
2e 01633
04 01634
3e 01635
2b 01636
02 01637
01 01638
00 01639
01 01640
a3 01641
c8 01642
70 01643
e4 01644
02 01645
ce 01646
1f 01647
02 01648
01 01649
06 01650
11 01651
06 01652
42 01653
ae 01654
20 01655
c0 01656
09 01657
5c 01658
f8 01659
a1 01660
e8 01661
48 01662
d4 01663
31 01664
01 01665
01 01666
12 01667
af 01668
09 01669
09 01670
4c 01671
55 01672
4d 01673
4f 01674
2a 01675
00 01676
0e 01677
01 01678
b1 01679
bb 01680
2c 01681
04 01682
3e 01683
29 01684
02 01685
01 01686
00 01687
00 01688
e8 01689
49 01690
00 01691
26 01692
e1 01693
80 01694
1d 01695
0d 01696
ff 01697
01 01698
83 01699
00 01700
00 01701
00 01702
00 01703
80 01704
e1 01705
26 01706
00 01707
49 01708
e8 01709
02 01710
01 01711
06 01712
08 01713
09 01714
50 01715
32 01716
50 01717
53 01718
52 01719
56 01720
31 01721
02 01722
0a 01723
00 01724
d1 01725
bb 01726
1d 01727
04 01728
3e 01729
1a 01730
02 01731
01 01732
00 01733
01 01734
23 01735
22 01736
e1 01737
15 01738
e4 01739
fc 01740
0e 01741
02 01742
01 01743
06 01744
03 01745
02 01746
af 01747
fe 01748
06 01749
09 01750
4e 01751
30 01752
33 01753
39 01754
5a 01755
aa 01756
bb 01757
24 01758
04 01759
3e 01760
21 01761
02 01762
01 01763
04 01764
01 01765
23 01766
22 01767
e1 01768
15 01769
e4 01770
fc 01771
15 01772
14 01773
16 01774
af 01775
fe 01776
10 01777
01 01778
00 01779
02 01780
5a 01781
23 01782
09 01783
00 01784
8f 01785
59 01786
32 01787
00 01788
00 01789
30 01790
b4 01791
18 01792
00 01793
aa 01794
bb 01795
2c 01796
04 01797
3e 01798
29 01799
02 01800
01 01801
00 01802
00 01803
e8 01804
49 01805
00 01806
26 01807
e1 01808
80 01809
1d 01810
0d 01811
ff 01812
01 01813
83 01814
00 01815
00 01816
00 01817
00 01818
80 01819
e1 01820
26 01821
00 01822
49 01823
e8 01824
02 01825
01 01826
06 01827
08 01828
09 01829
50 01830
32 01831
50 01832
53 01833
52 01834
56 01835
31 01836
02 01837
0a 01838
00 01839
cf 01840
bb 01841
1d 01842
04 01843
3e 01844
1a 01845
02 01846
01 01847
00 01848
01 01849
19 01850
d9 01851
28 01852
9c 01853
60 01854
73 01855
0e 01856
02 01857
01 01858
1a 01859
0a 01860
ff 01861
4c 01862
00 01863
10 01864
05 01865
13 01866
18 01867
94 01868
84 01869
43 01870
99 01871
bb 01872
2e 01873
04 01874
3e 01875
2b 01876
02 01877
01 01878
00 01879
01 01880
a3 01881
c8 01882
70 01883
e4 01884
02 01885
ce 01886
1f 01887
02 01888
01 01889
06 01890
11 01891
06 01892
42 01893
ae 01894
20 01895
c0 01896
09 01897
5c 01898
f8 01899
a1 01900
e8 01901
48 01902
d4 01903
31 01904
01 01905
01 01906
12 01907
af 01908
09 01909
09 01910
4c 01911
55 01912
4d 01913
4f 01914
2a 01915
00 01916
0e 01917
01 01918
a6 01919
bb 01920
0f 01921
04 01922
3e 01923
0c 01924
02 01925
01 01926
04 01927
01 01928
a3 01929
c8 01930
70 01931
e4 01932
02 01933
ce 01934
00 01935
a6 01936
bb 01937
19 01938
04 01939
3e 01940
16 01941
02 01942
01 01943
04 01944
01 01945
1a 01946
d5 01947
ed 01948
5e 01949
e9 01950
46 01951
0a 01952
09 01953
ff 01954
e0 01955
00 01956
01 01957
37 01958
ca 01959
86 01960
ca 01961
68 01962
bc 01963
bb 01964
2c 01965
04 01966
3e 01967
29 01968
02 01969
01 01970
00 01971
00 01972
e8 01973
49 01974
00 01975
26 01976
e1 01977
80 01978
1d 01979
0d 01980
ff 01981
01 01982
83 01983
00 01984
00 01985
00 01986
00 01987
80 01988
e1 01989
26 01990
00 01991
49 01992
e8 01993
02 01994
01 01995
06 01996
08 01997
09 01998
50 01999
32 02000
50 02001
53 02002
52 02003
56 02004
31 02005
02 02006
0a 02007
00 02008
d2 02009
bb 02010
19 02011
04 02012
3e 02013
16 02014
02 02015
01 02016
04 02017
01 02018
cf 02019
84 02020
dd 02021
5e 02022
5f 02023
5d 02024
0a 02025
09 02026
ff 02027
e0 02028
00 02029
01 02030
47 02031
ca 02032
91 02033
17 02034
73 02035
b7 02036
bb 02037
0f 02038
04 02039
3e 02040
0c 02041
02 02042
01 02043
04 02044
00 02045
e8 02046
49 02047
00 02048
26 02049
e1 02050
80 02051
00 02052
d2 02053
bb 02054
19 02055
04 02056
3e 02057
16 02058
02 02059
01 02060
04 02061
01 02062
7c 02063
6e 02064
e3 02065
89 02066
e7 02067
7a 02068
0a 02069
09 02070
ff 02071
e0 02072
00 02073
01 02074
39 02075
ca 02076
8b 02077
19 02078
7b 02079
aa 02080
bb 02081
2c 02082
04 02083
3e 02084
29 02085
02 02086
01 02087
00 02088
00 02089
e8 02090
49 02091
00 02092
26 02093
e1 02094
80 02095
1d 02096
0d 02097
ff 02098
01 02099
83 02100
00 02101
00 02102
00 02103
00 02104
80 02105
e1 02106
26 02107
00 02108
49 02109
e8 02110
02 02111
01 02112
06 02113
08 02114
09 02115
50 02116
32 02117
50 02118
53 02119
52 02120
56 02121
31 02122
02 02123
0a 02124
00 02125
d2 02126
bb 02127
19 02128
04 02129
3e 02130
16 02131
02 02132
01 02133
04 02134
01 02135
ef 02136
01 02137
90 02138
7b 02139
f0 02140
51 02141
0a 02142
09 02143
ff 02144
e0 02145
00 02146
01 02147
16 02148
ca 02149
61 02150
5a 02151
44 02152
ab 02153
bb 02154
2c 02155
04 02156
3e 02157
29 02158
02 02159
01 02160
00 02161
00 02162
e8 02163
49 02164
00 02165
26 02166
e1 02167
80 02168
1d 02169
0d 02170
ff 02171
01 02172
83 02173
00 02174
00 02175
00 02176
00 02177
80 02178
e1 02179
26 02180
00 02181
49 02182
e8 02183
02 02184
01 02185
06 02186
08 02187
09 02188
50 02189
32 02190
50 02191
53 02192
52 02193
56 02194
31 02195
02 02196
0a 02197
00 02198
d1 02199
bb 02200
19 02201
04 02202
3e 02203
16 02204
02 02205
01 02206
04 02207
01 02208
1a 02209
d5 02210
ed 02211
5e 02212
e9 02213
46 02214
0a 02215
09 02216
ff 02217
e0 02218
00 02219
01 02220
37 02221
ca 02222
86 02223
ca 02224
68 02225
ca 02226
bb 02227
19 02228
04 02229
3e 02230
16 02231
02 02232
01 02233
04 02234
01 02235
cf 02236
84 02237
dd 02238
5e 02239
5f 02240
5d 02241
0a 02242
09 02243
ff 02244
e0 02245
00 02246
01 02247
47 02248
ca 02249
91 02250
17 02251
73 02252
b5 02253
bb 02254
2e 02255
04 02256
3e 02257
2b 02258
02 02259
01 02260
00 02261
01 02262
a3 02263
c8 02264
70 02265
e4 02266
02 02267
ce 02268
1f 02269
02 02270
01 02271
06 02272
11 02273
06 02274
42 02275
ae 02276
20 02277
c0 02278
09 02279
5c 02280
f8 02281
a1 02282
e8 02283
48 02284
d4 02285
31 02286
01 02287
01 02288
12 02289
af 02290
09 02291
09 02292
4c 02293
55 02294
4d 02295
4f 02296
2a 02297
00 02298
0e 02299
01 02300
a4 02301
bb 02302
0f 02303
04 02304
3e 02305
0c 02306
02 02307
01 02308
04 02309
01 02310
a3 02311
c8 02312
70 02313
e4 02314
02 02315
ce 02316
00 02317
a4 02318
bb 02319
2c 02320
04 02321
3e 02322
29 02323
02 02324
01 02325
00 02326
00 02327
e8 02328
49 02329
00 02330
26 02331
e1 02332
80 02333
1d 02334
0d 02335
ff 02336
01 02337
83 02338
00 02339
00 02340
00 02341
00 02342
80 02343
e1 02344
26 02345
00 02346
49 02347
e8 02348
02 02349
01 02350
06 02351
08 02352
09 02353
50 02354
32 02355
50 02356
53 02357
52 02358
56 02359
31 02360
02 02361
0a 02362
00 02363
cf 02364
bb 02365
0f 02366
04 02367
3e 02368
0c 02369
02 02370
01 02371
04 02372
00 02373
e8 02374
49 02375
00 02376
26 02377
e1 02378
80 02379
00 02380
cf 02381
bb 02382
19 02383
04 02384
3e 02385
16 02386
02 02387
01 02388
04 02389
01 02390
ef 02391
01 02392
90 02393
7b 02394
f0 02395
51 02396
0a 02397
09 02398
ff 02399
e0 02400
00 02401
01 02402
16 02403
ca 02404
61 02405
5a 02406
44 02407
b0 02408
bb 02409
19 02410
04 02411
3e 02412
16 02413
02 02414
01 02415
04 02416
01 02417
1a 02418
d5 02419
ed 02420
5e 02421
e9 02422
46 02423
0a 02424
09 02425
ff 02426
e0 02427
00 02428
01 02429
37 02430
ca 02431
86 02432
ca 02433
68 02434
bc 02435
bb 02436
19 02437
04 02438
3e 02439
16 02440
02 02441
01 02442
04 02443
01 02444
7c 02445
6e 02446
e3 02447
89 02448
e7 02449
7a 02450
0a 02451
09 02452
ff 02453
e0 02454
00 02455
01 02456
39 02457
ca 02458
8b 02459
19 02460
7b 02461
ab 02462
bb 02463
2c 02464
04 02465
3e 02466
29 02467
02 02468
01 02469
00 02470
00 02471
e8 02472
49 02473
00 02474
26 02475
e1 02476
80 02477
1d 02478
0d 02479
ff 02480
01 02481
83 02482
00 02483
00 02484
00 02485
00 02486
80 02487
e1 02488
26 02489
00 02490
49 02491
e8 02492
02 02493
01 02494
06 02495
08 02496
09 02497
50 02498
32 02499
50 02500
53 02501
52 02502
56 02503
31 02504
02 02505
0a 02506
00 02507
d1 02508
bb 02509
19 02510
04 02511
3e 02512
16 02513
02 02514
01 02515
04 02516
01 02517
cf 02518
84 02519
dd 02520
5e 02521
5f 02522
5d 02523
0a 02524
09 02525
ff 02526
e0 02527
00 02528
01 02529
47 02530
ca 02531
91 02532
17 02533
73 02534
b7 02535
bb 02536
0f 02537
04 02538
3e 02539
0c 02540
02 02541
01 02542
04 02543
00 02544
e8 02545
49 02546
00 02547
26 02548
e1 02549
80 02550
00 02551
d1 02552
aa 02553
04 02554
06 02555
01 02556
97 02557
fc 02558
06 02559
20 02560
03 02561
20 02562
03 02563
00 02564
01 02565
bb 02566
07 02567
04 02568
0f 02569
04 02570
46 02571
01 02572
97 02573
fc 02574
bb 02575
19 02576
04 02577
3e 02578
16 02579
02 02580
01 02581
04 02582
01 02583
ef 02584
01 02585
90 02586
7b 02587
f0 02588
51 02589
0a 02590
09 02591
ff 02592
e0 02593
00 02594
01 02595
16 02596
ca 02597
61 02598
5a 02599
44 02600
ac 02601
bb 02602
19 02603
04 02604
3e 02605
16 02606
02 02607
01 02608
04 02609
01 02610
1a 02611
d5 02612
ed 02613
5e 02614
e9 02615
46 02616
0a 02617
09 02618
ff 02619
e0 02620
00 02621
01 02622
37 02623
ca 02624
86 02625
ca 02626
68 02627
ca 02628
bb 02629
2c 02630
04 02631
3e 02632
29 02633
02 02634
01 02635
00 02636
00 02637
e8 02638
49 02639
00 02640
26 02641
e1 02642
80 02643
1d 02644
0d 02645
ff 02646
01 02647
83 02648
00 02649
00 02650
00 02651
00 02652
80 02653
e1 02654
26 02655
00 02656
49 02657
e8 02658
02 02659
01 02660
06 02661
08 02662
09 02663
50 02664
32 02665
50 02666
53 02667
52 02668
56 02669
31 02670
02 02671
0a 02672
00 02673
ce 02674
bb 02675
2e 02676
04 02677
3e 02678
2b 02679
02 02680
01 02681
00 02682
01 02683
a3 02684
c8 02685
70 02686
e4 02687
02 02688
ce 02689
1f 02690
02 02691
01 02692
06 02693
11 02694
06 02695
42 02696
ae 02697
20 02698
c0 02699
09 02700
5c 02701
f8 02702
a1 02703
e8 02704
48 02705
d4 02706
31 02707
01 02708
01 02709
12 02710
af 02711
09 02712
09 02713
4c 02714
55 02715
4d 02716
4f 02717
2a 02718
00 02719
0e 02720
01 02721
b1 02722
bb 02723
0f 02724
04 02725
3e 02726
0c 02727
02 02728
01 02729
04 02730
01 02731
a3 02732
c8 02733
70 02734
e4 02735
02 02736
ce 02737
00 02738
b1 02739
bb 02740
19 02741
04 02742
3e 02743
16 02744
02 02745
01 02746
04 02747
01 02748
cf 02749
84 02750
dd 02751
5e 02752
5f 02753
5d 02754
0a 02755
09 02756
ff 02757
e0 02758
00 02759
01 02760
47 02761
ca 02762
91 02763
17 02764
73 02765
b3 02766
bb 02767
2c 02768
04 02769
3e 02770
29 02771
02 02772
01 02773
00 02774
00 02775
e8 02776
49 02777
00 02778
26 02779
e1 02780
80 02781
1d 02782
0d 02783
ff 02784
01 02785
83 02786
00 02787
00 02788
00 02789
00 02790
80 02791
e1 02792
26 02793
00 02794
49 02795
e8 02796
02 02797
01 02798
06 02799
08 02800
09 02801
50 02802
32 02803
50 02804
53 02805
52 02806
56 02807
31 02808
02 02809
0a 02810
00 02811
ce 02812
bb 02813
0f 02814
04 02815
3e 02816
0c 02817
02 02818
01 02819
04 02820
00 02821
e8 02822
49 02823
00 02824
26 02825
e1 02826
80 02827
00 02828
cf 02829
bb 02830
19 02831
04 02832
3e 02833
16 02834
02 02835
01 02836
04 02837
01 02838
ef 02839
01 02840
90 02841
7b 02842
f0 02843
51 02844
0a 02845
09 02846
ff 02847
e0 02848
00 02849
01 02850
16 02851
ca 02852
61 02853
5a 02854
44 02855
ab 02856
bb 02857
19 02858
04 02859
3e 02860
16 02861
02 02862
01 02863
04 02864
01 02865
7c 02866
6e 02867
e3 02868
89 02869
e7 02870
7a 02871
0a 02872
09 02873
ff 02874
e0 02875
00 02876
01 02877
39 02878
ca 02879
8b 02880
19 02881
7b 02882
aa 02883
bb 02884
19 02885
04 02886
3e 02887
16 02888
02 02889
01 02890
04 02891
01 02892
1a 02893
d5 02894
ed 02895
5e 02896
e9 02897
46 02898
0a 02899
09 02900
ff 02901
e0 02902
00 02903
01 02904
37 02905
ca 02906
86 02907
ca 02908
68 02909
ba 02910
bb 02911
2c 02912
04 02913
3e 02914
29 02915
02 02916
01 02917
00 02918
00 02919
e8 02920
49 02921
00 02922
26 02923
e1 02924
80 02925
1d 02926
0d 02927
ff 02928
01 02929
83 02930
00 02931
00 02932
00 02933
00 02934
80 02935
e1 02936
26 02937
00 02938
49 02939
e8 02940
02 02941
01 02942
06 02943
08 02944
09 02945
50 02946
32 02947
50 02948
53 02949
52 02950
56 02951
31 02952
02 02953
0a 02954
00 02955
ca 02956
bb 02957
1d 02958
04 02959
3e 02960
1a 02961
02 02962
01 02963
00 02964
01 02965
19 02966
d9 02967
28 02968
9c 02969
60 02970
73 02971
0e 02972
02 02973
01 02974
1a 02975
0a 02976
ff 02977
4c 02978
00 02979
10 02980
05 02981
13 02982
18 02983
94 02984
84 02985
43 02986
99 02987
bb 02988
2e 02989
04 02990
3e 02991
2b 02992
02 02993
01 02994
00 02995
01 02996
a3 02997
c8 02998
70 02999
e4 03000
02 03001
ce 03002
1f 03003
02 03004
01 03005
06 03006
11 03007
06 03008
42 03009
ae 03010
20 03011
c0 03012
09 03013
5c 03014
f8 03015
a1 03016
e8 03017
48 03018
d4 03019
31 03020
01 03021
01 03022
12 03023
af 03024
09 03025
09 03026
4c 03027
55 03028
4d 03029
4f 03030
2a 03031
00 03032
0e 03033
01 03034
ab 03035
bb 03036
0f 03037
04 03038
3e 03039
0c 03040
02 03041
01 03042
04 03043
01 03044
a3 03045
c8 03046
70 03047
e4 03048
02 03049
ce 03050
00 03051
aa 03052
bb 03053
0f 03054
04 03055
3e 03056
0c 03057
02 03058
01 03059
04 03060
00 03061
e8 03062
49 03063
00 03064
26 03065
e1 03066
80 03067
00 03068
cb 03069
bb 03070
19 03071
04 03072
3e 03073
16 03074
02 03075
01 03076
04 03077
01 03078
ef 03079
01 03080
90 03081
7b 03082
f0 03083
51 03084
0a 03085
09 03086
ff 03087
e0 03088
00 03089
01 03090
16 03091
ca 03092
61 03093
5a 03094
44 03095
b1 03096
bb 03097
19 03098
04 03099
3e 03100
16 03101
02 03102
01 03103
04 03104
01 03105
cf 03106
84 03107
dd 03108
5e 03109
5f 03110
5d 03111
0a 03112
09 03113
ff 03114
e0 03115
00 03116
01 03117
47 03118
ca 03119
91 03120
17 03121
73 03122
b5 03123
bb 03124
19 03125
04 03126
3e 03127
16 03128
02 03129
01 03130
04 03131
01 03132
1a 03133
d5 03134
ed 03135
5e 03136
e9 03137
46 03138
0a 03139
09 03140
ff 03141
e0 03142
00 03143
01 03144
37 03145
ca 03146
86 03147
ca 03148
68 03149
ba 03150
bb 03151
2c 03152
04 03153
3e 03154
29 03155
02 03156
01 03157
00 03158
00 03159
e8 03160
49 03161
00 03162
26 03163
e1 03164
80 03165
1d 03166
0d 03167
ff 03168
01 03169
83 03170
00 03171
00 03172
00 03173
00 03174
80 03175
e1 03176
26 03177
00 03178
49 03179
e8 03180
02 03181
01 03182
06 03183
08 03184
09 03185
50 03186
32 03187
50 03188
53 03189
52 03190
56 03191
31 03192
02 03193
0a 03194
00 03195
cb 03196
aa 03197
04 03198
06 03199
01 03200
97 03201
fc 03202
06 03203
20 03204
03 03205
20 03206
03 03207
00 03208
01 03209
bb 03210
07 03211
04 03212
0f 03213
04 03214
46 03215
01 03216
97 03217
fc 03218
bb 03219
19 03220
04 03221
3e 03222
16 03223
02 03224
01 03225
04 03226
01 03227
7c 03228
6e 03229
e3 03230
89 03231
e7 03232
7a 03233
0a 03234
09 03235
ff 03236
e0 03237
00 03238
01 03239
39 03240
ca 03241
8b 03242
19 03243
7b 03244
ab 03245
bb 03246
2c 03247
04 03248
3e 03249
29 03250
02 03251
01 03252
00 03253
00 03254
e8 03255
49 03256
00 03257
26 03258
e1 03259
80 03260
1d 03261
0d 03262
ff 03263
01 03264
83 03265
00 03266
00 03267
00 03268
00 03269
80 03270
e1 03271
26 03272
00 03273
49 03274
e8 03275
02 03276
01 03277
06 03278
08 03279
09 03280
50 03281
32 03282
50 03283
53 03284
52 03285
56 03286
31 03287
02 03288
0a 03289
00 03290
d3 03291
bb 03292
0f 03293
04 03294
3e 03295
0c 03296
02 03297
01 03298
04 03299
00 03300
e8 03301
49 03302
00 03303
26 03304
e1 03305
80 03306
00 03307
d3 03308
bb 03309
2e 03310
04 03311
3e 03312
2b 03313
02 03314
01 03315
00 03316
01 03317
a3 03318
c8 03319
70 03320
e4 03321
02 03322
ce 03323
1f 03324
02 03325
01 03326
06 03327
11 03328
06 03329
42 03330
ae 03331
20 03332
c0 03333
09 03334
5c 03335
f8 03336
a1 03337
e8 03338
48 03339
d4 03340
31 03341
01 03342
01 03343
12 03344
af 03345
09 03346
09 03347
4c 03348
55 03349
4d 03350
4f 03351
2a 03352
00 03353
0e 03354
01 03355
b0 03356
bb 03357
19 03358
04 03359
3e 03360
16 03361
02 03362
01 03363
04 03364
01 03365
ef 03366
01 03367
90 03368
7b 03369
f0 03370
51 03371
0a 03372
09 03373
ff 03374
e0 03375
00 03376
01 03377
16 03378
ca 03379
61 03380
5a 03381
44 03382
ac 03383
bb 03384
2c 03385
04 03386
3e 03387
29 03388
02 03389
01 03390
00 03391
00 03392
e8 03393
49 03394
00 03395
26 03396
e1 03397
80 03398
1d 03399
0d 03400
ff 03401
01 03402
83 03403
00 03404
00 03405
00 03406
00 03407
80 03408
e1 03409
26 03410
00 03411
49 03412
e8 03413
02 03414
01 03415
06 03416
08 03417
09 03418
50 03419
32 03420
50 03421
53 03422
52 03423
56 03424
31 03425
02 03426
0a 03427
00 03428
cf 03429
bb 03430
19 03431
04 03432
3e 03433
16 03434
02 03435
01 03436
04 03437
01 03438
cf 03439
84 03440
dd 03441
5e 03442
5f 03443
5d 03444
0a 03445
09 03446
ff 03447
e0 03448
00 03449
01 03450
47 03451
ca 03452
91 03453
17 03454
73 03455
b4 03456
bb 03457
1d 03458
04 03459
3e 03460
1a 03461
02 03462
01 03463
00 03464
01 03465
23 03466
22 03467
e1 03468
15 03469
e4 03470
fc 03471
0e 03472
02 03473
01 03474
06 03475
03 03476
02 03477
af 03478
fe 03479
06 03480
09 03481
4e 03482
30 03483
33 03484
39 03485
5a 03486
a8 03487
bb 03488
24 03489
04 03490
3e 03491
21 03492
02 03493
01 03494
04 03495
01 03496
23 03497
22 03498
e1 03499
15 03500
e4 03501
fc 03502
15 03503
14 03504
16 03505
af 03506
fe 03507
10 03508
01 03509
00 03510
02 03511
5a 03512
23 03513
09 03514
00 03515
8f 03516
59 03517
32 03518
00 03519
00 03520
30 03521
b4 03522
18 03523
00 03524
a8 03525
bb 03526
19 03527
04 03528
3e 03529
16 03530
02 03531
01 03532
04 03533
01 03534
7c 03535
6e 03536
e3 03537
89 03538
e7 03539
7a 03540
0a 03541
09 03542
ff 03543
e0 03544
00 03545
01 03546
39 03547
ca 03548
8b 03549
19 03550
7b 03551
ab 03552
bb 03553
2c 03554
04 03555
3e 03556
29 03557
02 03558
01 03559
00 03560
00 03561
e8 03562
49 03563
00 03564
26 03565
e1 03566
80 03567
1d 03568
0d 03569
ff 03570
01 03571
83 03572
00 03573
00 03574
00 03575
00 03576
80 03577
e1 03578
26 03579
00 03580
49 03581
e8 03582
02 03583
01 03584
06 03585
08 03586
09 03587
50 03588
32 03589
50 03590
53 03591
52 03592
56 03593
31 03594
02 03595
0a 03596
00 03597
cf 03598
bb 03599
0f 03600
04 03601
3e 03602
0c 03603
02 03604
01 03605
04 03606
00 03607
e8 03608
49 03609
00 03610
26 03611
e1 03612
80 03613
00 03614
cf 03615
bb 03616
19 03617
04 03618
3e 03619
16 03620
02 03621
01 03622
04 03623
01 03624
ef 03625
01 03626
90 03627
7b 03628
f0 03629
51 03630
0a 03631
09 03632
ff 03633
e0 03634
00 03635
01 03636
16 03637
ca 03638
61 03639
5a 03640
44 03641
ad 03642
bb 03643
2e 03644
04 03645
3e 03646
2b 03647
02 03648
01 03649
00 03650
01 03651
a3 03652
c8 03653
70 03654
e4 03655
02 03656
ce 03657
1f 03658
02 03659
01 03660
06 03661
11 03662
06 03663
42 03664
ae 03665
20 03666
c0 03667
09 03668
5c 03669
f8 03670
a1 03671
e8 03672
48 03673
d4 03674
31 03675
01 03676
01 03677
12 03678
af 03679
09 03680
09 03681
4c 03682
55 03683
4d 03684
4f 03685
2a 03686
00 03687
0e 03688
01 03689
ab 03690
bb 03691
0f 03692
04 03693
3e 03694
0c 03695
02 03696
01 03697
04 03698
01 03699
a3 03700
c8 03701
70 03702
e4 03703
02 03704
ce 03705
00 03706
b1 03707
bb 03708
19 03709
04 03710
3e 03711
16 03712
02 03713
01 03714
04 03715
01 03716
cf 03717
84 03718
dd 03719
5e 03720
5f 03721
5d 03722
0a 03723
09 03724
ff 03725
e0 03726
00 03727
01 03728
47 03729
ca 03730
91 03731
17 03732
73 03733
b5 03734
bb 03735
19 03736
04 03737
3e 03738
16 03739
02 03740
01 03741
04 03742
01 03743
1a 03744
d5 03745
ed 03746
5e 03747
e9 03748
46 03749
0a 03750
09 03751
ff 03752
e0 03753
00 03754
01 03755
37 03756
ca 03757
86 03758
ca 03759
68 03760
ca 03761
bb 03762
2c 03763
04 03764
3e 03765
29 03766
02 03767
01 03768
00 03769
00 03770
e8 03771
49 03772
00 03773
26 03774
e1 03775
80 03776
1d 03777
0d 03778
ff 03779
01 03780
83 03781
00 03782
00 03783
00 03784
00 03785
80 03786
e1 03787
26 03788
00 03789
49 03790
e8 03791
02 03792
01 03793
06 03794
08 03795
09 03796
50 03797
32 03798
50 03799
53 03800
52 03801
56 03802
31 03803
02 03804
0a 03805
00 03806
cf 03807
bb 03808
0f 03809
04 03810
3e 03811
0c 03812
02 03813
01 03814
04 03815
00 03816
e8 03817
49 03818
00 03819
26 03820
e1 03821
80 03822
00 03823
cf 03824
bb 03825
19 03826
04 03827
3e 03828
16 03829
02 03830
01 03831
04 03832
01 03833
ef 03834
01 03835
90 03836
7b 03837
f0 03838
51 03839
0a 03840
09 03841
ff 03842
e0 03843
00 03844
01 03845
16 03846
ca 03847
61 03848
5a 03849
44 03850
ae 03851
bb 03852
19 03853
04 03854
3e 03855
16 03856
02 03857
01 03858
04 03859
01 03860
7c 03861
6e 03862
e3 03863
89 03864
e7 03865
7a 03866
0a 03867
09 03868
ff 03869
e0 03870
00 03871
01 03872
39 03873
ca 03874
8b 03875
19 03876
7b 03877
ab 03878
bb 03879
19 03880
04 03881
3e 03882
16 03883
02 03884
01 03885
04 03886
01 03887
cf 03888
84 03889
dd 03890
5e 03891
5f 03892
5d 03893
0a 03894
09 03895
ff 03896
e0 03897
00 03898
01 03899
47 03900
ca 03901
91 03902
17 03903
73 03904
b6 03905
bb 03906
2c 03907
04 03908
3e 03909
29 03910
02 03911
01 03912
00 03913
00 03914
e8 03915
49 03916
00 03917
26 03918
e1 03919
80 03920
1d 03921
0d 03922
ff 03923
01 03924
83 03925
00 03926
00 03927
00 03928
00 03929
80 03930
e1 03931
26 03932
00 03933
49 03934
e8 03935
02 03936
01 03937
06 03938
08 03939
09 03940
50 03941
32 03942
50 03943
53 03944
52 03945
56 03946
31 03947
02 03948
0a 03949
00 03950
ce 03951
bb 03952
19 03953
04 03954
3e 03955
16 03956
02 03957
01 03958
04 03959
01 03960
1a 03961
d5 03962
ed 03963
5e 03964
e9 03965
46 03966
0a 03967
09 03968
ff 03969
e0 03970
00 03971
01 03972
37 03973
ca 03974
86 03975
ca 03976
68 03977
c8 03978
aa 03979
04 03980
06 03981
01 03982
97 03983
fc 03984
06 03985
20 03986
03 03987
20 03988
03 03989
00 03990
01 03991
bb 03992
07 03993
04 03994
0f 03995
04 03996
46 03997
01 03998
97 03999
fc 04000
bb 04001
0f 04002
04 04003
3e 04004
0c 04005
02 04006
01 04007
04 04008
00 04009
e8 04010
49 04011
00 04012
26 04013
e1 04014
80 04015
00 04016
ce 04017
bb 04018
19 04019
04 04020
3e 04021
16 04022
02 04023
01 04024
04 04025
01 04026
ef 04027
01 04028
90 04029
7b 04030
f0 04031
51 04032
0a 04033
09 04034
ff 04035
e0 04036
00 04037
01 04038
16 04039
ca 04040
61 04041
5a 04042
44 04043
b1 04044
bb 04045
2e 04046
04 04047
3e 04048
2b 04049
02 04050
01 04051
00 04052
01 04053
a3 04054
c8 04055
70 04056
e4 04057
02 04058
ce 04059
1f 04060
02 04061
01 04062
06 04063
11 04064
06 04065
42 04066
ae 04067
20 04068
c0 04069
09 04070
5c 04071
f8 04072
a1 04073
e8 04074
48 04075
d4 04076
31 04077
01 04078
01 04079
12 04080
af 04081
09 04082
09 04083
4c 04084
55 04085
4d 04086
4f 04087
2a 04088
00 04089
0e 04090
01 04091
a8 04092
bb 04093
0f 04094
04 04095
3e 04096
0c 04097
02 04098
01 04099
04 04100
01 04101
a3 04102
c8 04103
70 04104
e4 04105
02 04106
ce 04107
00 04108
a8 04109
bb 04110
2c 04111
04 04112
3e 04113
29 04114
02 04115
01 04116
00 04117
00 04118
e8 04119
49 04120
00 04121
26 04122
e1 04123
80 04124
1d 04125
0d 04126
ff 04127
01 04128
83 04129
00 04130
00 04131
00 04132
00 04133
80 04134
e1 04135
26 04136
00 04137
49 04138
e8 04139
02 04140
01 04141
06 04142
08 04143
09 04144
50 04145
32 04146
50 04147
53 04148
52 04149
56 04150
31 04151
02 04152
0a 04153
00 04154
d0 04155
bb 04156
19 04157
04 04158
3e 04159
16 04160
02 04161
01 04162
04 04163
01 04164
cf 04165
84 04166
dd 04167
5e 04168
5f 04169
5d 04170
0a 04171
09 04172
ff 04173
e0 04174
00 04175
01 04176
47 04177
ca 04178
91 04179
17 04180
73 04181
b6 04182
bb 04183
19 04184
04 04185
3e 04186
16 04187
02 04188
01 04189
04 04190
01 04191
1a 04192
d5 04193
ed 04194
5e 04195
e9 04196
46 04197
0a 04198
09 04199
ff 04200
e0 04201
00 04202
01 04203
37 04204
ca 04205
86 04206
ca 04207
68 04208
c9 04209
bb 04210
0f 04211
04 04212
3e 04213
0c 04214
02 04215
01 04216
04 04217
00 04218
e8 04219
49 04220
00 04221
26 04222
e1 04223
80 04224
00 04225
ce 04226
bb 04227
2c 04228
04 04229
3e 04230
29 04231
02 04232
01 04233
00 04234
00 04235
e8 04236
49 04237
00 04238
26 04239
e1 04240
80 04241
1d 04242
0d 04243
ff 04244
01 04245
83 04246
00 04247
00 04248
00 04249
00 04250
80 04251
e1 04252
26 04253
00 04254
49 04255
e8 04256
02 04257
01 04258
06 04259
08 04260
09 04261
50 04262
32 04263
50 04264
53 04265
52 04266
56 04267
31 04268
02 04269
0a 04270
00 04271
ce 04272
bb 04273
1d 04274
04 04275
3e 04276
1a 04277
02 04278
01 04279
00 04280
01 04281
23 04282
22 04283
e1 04284
15 04285
e4 04286
fc 04287
0e 04288
02 04289
01 04290
06 04291
03 04292
02 04293
af 04294
fe 04295
06 04296
09 04297
4e 04298
30 04299
33 04300
39 04301
5a 04302
9f 04303
bb 04304
24 04305
04 04306
3e 04307
21 04308
02 04309
01 04310
04 04311
01 04312
23 04313
22 04314
e1 04315
15 04316
e4 04317
fc 04318
15 04319
14 04320
16 04321
af 04322
fe 04323
10 04324
01 04325
00 04326
02 04327
5a 04328
23 04329
09 04330
00 04331
8f 04332
59 04333
32 04334
00 04335
00 04336
30 04337
b4 04338
18 04339
00 04340
a0 04341
bb 04342
19 04343
04 04344
3e 04345
16 04346
02 04347
01 04348
04 04349
01 04350
ef 04351
01 04352
90 04353
7b 04354
f0 04355
51 04356
0a 04357
09 04358
ff 04359
e0 04360
00 04361
01 04362
16 04363
ca 04364
61 04365
5a 04366
44 04367
b0 04368
bb 04369
2e 04370
04 04371
3e 04372
2b 04373
02 04374
01 04375
00 04376
01 04377
a3 04378
c8 04379
70 04380
e4 04381
02 04382
ce 04383
1f 04384
02 04385
01 04386
06 04387
11 04388
06 04389
42 04390
ae 04391
20 04392
c0 04393
09 04394
5c 04395
f8 04396
a1 04397
e8 04398
48 04399
d4 04400
31 04401
01 04402
01 04403
12 04404
af 04405
09 04406
09 04407
4c 04408
55 04409
4d 04410
4f 04411
2a 04412
00 04413
0e 04414
01 04415
b0 04416
bb 04417
0f 04418
04 04419
3e 04420
0c 04421
02 04422
01 04423
04 04424
01 04425
a3 04426
c8 04427
70 04428
e4 04429
02 04430
ce 04431
00 04432
b0 04433
bb 04434
19 04435
04 04436
3e 04437
16 04438
02 04439
01 04440
04 04441
01 04442
7c 04443
6e 04444
e3 04445
89 04446
e7 04447
7a 04448
0a 04449
09 04450
ff 04451
e0 04452
00 04453
01 04454
39 04455
ca 04456
8b 04457
19 04458
7b 04459
aa 04460
bb 04461
2c 04462
04 04463
3e 04464
29 04465
02 04466
01 04467
00 04468
00 04469
e8 04470
49 04471
00 04472
26 04473
e1 04474
80 04475
1d 04476
0d 04477
ff 04478
01 04479
83 04480
00 04481
00 04482
00 04483
00 04484
80 04485
e1 04486
26 04487
00 04488
49 04489
e8 04490
02 04491
01 04492
06 04493
08 04494
09 04495
50 04496
32 04497
50 04498
53 04499
52 04500
56 04501
31 04502
02 04503
0a 04504
00 04505
cb 04506
bb 04507
0f 04508
04 04509
3e 04510
0c 04511
02 04512
01 04513
04 04514
00 04515
e8 04516
49 04517
00 04518
26 04519
e1 04520
80 04521
00 04522
cb 04523
bb 04524
19 04525
04 04526
3e 04527
16 04528
02 04529
01 04530
04 04531
01 04532
cf 04533
84 04534
dd 04535
5e 04536
5f 04537
5d 04538
0a 04539
09 04540
ff 04541
e0 04542
00 04543
01 04544
47 04545
ca 04546
91 04547
17 04548
73 04549
b1 04550
bb 04551
19 04552
04 04553
3e 04554
16 04555
02 04556
01 04557
04 04558
01 04559
ef 04560
01 04561
90 04562
7b 04563
f0 04564
51 04565
0a 04566
09 04567
ff 04568
e0 04569
00 04570
01 04571
16 04572
ca 04573
61 04574
5a 04575
44 04576
ac 04577
bb 04578
19 04579
04 04580
3e 04581
16 04582
02 04583
01 04584
04 04585
01 04586
1a 04587
d5 04588
ed 04589
5e 04590
e9 04591
46 04592
0a 04593
09 04594
ff 04595
e0 04596
00 04597
01 04598
37 04599
ca 04600
86 04601
ca 04602
68 04603
cb 04604
bb 04605
19 04606
04 04607
3e 04608
16 04609
02 04610
01 04611
04 04612
01 04613
7c 04614
6e 04615
e3 04616
89 04617
e7 04618
7a 04619
0a 04620
09 04621
ff 04622
e0 04623
00 04624
01 04625
39 04626
ca 04627
8b 04628
19 04629
7b 04630
a9 04631
bb 04632
2c 04633
04 04634
3e 04635
29 04636
02 04637
01 04638
00 04639
00 04640
e8 04641
49 04642
00 04643
26 04644
e1 04645
80 04646
1d 04647
0d 04648
ff 04649
01 04650
83 04651
00 04652
00 04653
00 04654
00 04655
80 04656
e1 04657
26 04658
00 04659
49 04660
e8 04661
02 04662
01 04663
06 04664
08 04665
09 04666
50 04667
32 04668
50 04669
53 04670
52 04671
56 04672
31 04673
02 04674
0a 04675
00 04676
cb 04677
bb 04678
0f 04679
04 04680
3e 04681
0c 04682
02 04683
01 04684
04 04685
00 04686
e8 04687
49 04688
00 04689
26 04690
e1 04691
80 04692
00 04693
cc 04694
bb 04695
19 04696
04 04697
3e 04698
16 04699
02 04700
01 04701
04 04702
01 04703
cf 04704
84 04705
dd 04706
5e 04707
5f 04708
5d 04709
0a 04710
09 04711
ff 04712
e0 04713
00 04714
01 04715
47 04716
ca 04717
91 04718
17 04719
73 04720
b2 04721
bb 04722
19 04723
04 04724
3e 04725
16 04726
02 04727
01 04728
04 04729
01 04730
ef 04731
01 04732
90 04733
7b 04734
f0 04735
51 04736
0a 04737
09 04738
ff 04739
e0 04740
00 04741
01 04742
16 04743
ca 04744
61 04745
5a 04746
44 04747
b1 04748
bb 04749
19 04750
04 04751
3e 04752
16 04753
02 04754
01 04755
04 04756
01 04757
1a 04758
d5 04759
ed 04760
5e 04761
e9 04762
46 04763
0a 04764
09 04765
ff 04766
e0 04767
00 04768
01 04769
37 04770
ca 04771
86 04772
ca 04773
68 04774
c9 04775
bb 04776
2c 04777
04 04778
3e 04779
29 04780
02 04781
01 04782
00 04783
00 04784
e8 04785
49 04786
00 04787
26 04788
e1 04789
80 04790
1d 04791
0d 04792
ff 04793
01 04794
83 04795
00 04796
00 04797
00 04798
00 04799
80 04800
e1 04801
26 04802
00 04803
49 04804
e8 04805
02 04806
01 04807
06 04808
08 04809
09 04810
50 04811
32 04812
50 04813
53 04814
52 04815
56 04816
31 04817
02 04818
0a 04819
00 04820
ca 04821
bb 04822
19 04823
04 04824
3e 04825
16 04826
02 04827
01 04828
04 04829
01 04830
7c 04831
6e 04832
e3 04833
89 04834
e7 04835
7a 04836
0a 04837
09 04838
ff 04839
e0 04840
00 04841
01 04842
39 04843
ca 04844
8b 04845
19 04846
7b 04847
9b 04848
bb 04849
0f 04850
04 04851
3e 04852
0c 04853
02 04854
01 04855
04 04856
00 04857
e8 04858
49 04859
00 04860
26 04861
e1 04862
80 04863
00 04864
ca 04865
bb 04866
19 04867
04 04868
3e 04869
16 04870
02 04871
01 04872
04 04873
01 04874
cf 04875
84 04876
dd 04877
5e 04878
5f 04879
5d 04880
0a 04881
09 04882
ff 04883
e0 04884
00 04885
01 04886
47 04887
ca 04888
91 04889
17 04890
73 04891
b3 04892
bb 04893
2c 04894
04 04895
3e 04896
29 04897
02 04898
01 04899
00 04900
00 04901
e8 04902
49 04903
00 04904
26 04905
e1 04906
80 04907
1d 04908
0d 04909
ff 04910
01 04911
83 04912
00 04913
00 04914
00 04915
00 04916
80 04917
e1 04918
26 04919
00 04920
49 04921
e8 04922
02 04923
01 04924
06 04925
08 04926
09 04927
50 04928
32 04929
50 04930
53 04931
52 04932
56 04933
31 04934
02 04935
0a 04936
00 04937
cb 04938
bb 04939
19 04940
04 04941
3e 04942
16 04943
02 04944
01 04945
04 04946
01 04947
ef 04948
01 04949
90 04950
7b 04951
f0 04952
51 04953
0a 04954
09 04955
ff 04956
e0 04957
00 04958
01 04959
16 04960
ca 04961
61 04962
5a 04963
44 04964
b1 04965
bb 04966
2e 04967
04 04968
3e 04969
2b 04970
02 04971
01 04972
00 04973
01 04974
a3 04975
c8 04976
70 04977
e4 04978
02 04979
ce 04980
1f 04981
02 04982
01 04983
06 04984
11 04985
06 04986
42 04987
ae 04988
20 04989
c0 04990
09 04991
5c 04992
f8 04993
a1 04994
e8 04995
48 04996
d4 04997
31 04998
01 04999
01 05000
12 05001
af 05002
09 05003
09 05004
4c 05005
55 05006
4d 05007
4f 05008
2a 05009
00 05010
0e 05011
01 05012
b1 05013
bb 05014
1d 05015
04 05016
3e 05017
1a 05018
02 05019
01 05020
00 05021
01 05022
23 05023
22 05024
e1 05025
15 05026
e4 05027
fc 05028
0e 05029
02 05030
01 05031
06 05032
03 05033
02 05034
af 05035
fe 05036
06 05037
09 05038
4e 05039
30 05040
33 05041
39 05042
5a 05043
a0 05044
bb 05045
24 05046
04 05047
3e 05048
21 05049
02 05050
01 05051
04 05052
01 05053
23 05054
22 05055
e1 05056
15 05057
e4 05058
fc 05059
15 05060
14 05061
16 05062
af 05063
fe 05064
10 05065
01 05066
00 05067
02 05068
5a 05069
23 05070
09 05071
00 05072
8f 05073
59 05074
32 05075
00 05076
00 05077
30 05078
b4 05079
18 05080
00 05081
9e 05082
bb 05083
2c 05084
04 05085
3e 05086
29 05087
02 05088
01 05089
00 05090
00 05091
e8 05092
49 05093
00 05094
26 05095
e1 05096
80 05097
1d 05098
0d 05099
ff 05100
01 05101
83 05102
00 05103
00 05104
00 05105
00 05106
80 05107
e1 05108
26 05109
00 05110
49 05111
e8 05112
02 05113
01 05114
06 05115
08 05116
09 05117
50 05118
32 05119
50 05120
53 05121
52 05122
56 05123
31 05124
02 05125
0a 05126
00 05127
cf 05128
bb 05129
19 05130
04 05131
3e 05132
16 05133
02 05134
01 05135
04 05136
01 05137
1a 05138
d5 05139
ed 05140
5e 05141
e9 05142
46 05143
0a 05144
09 05145
ff 05146
e0 05147
00 05148
01 05149
37 05150
ca 05151
86 05152
ca 05153
68 05154
c9 05155
bb 05156
0f 05157
04 05158
3e 05159
0c 05160
02 05161
01 05162
04 05163
00 05164
e8 05165
49 05166
00 05167
26 05168
e1 05169
80 05170
00 05171
cf 05172
aa 05173
04 05174
06 05175
01 05176
97 05177
fc 05178
06 05179
20 05180
03 05181
20 05182
03 05183
00 05184
01 05185
bb 05186
07 05187
04 05188
0f 05189
04 05190
46 05191
01 05192
97 05193
fc 05194
bb 05195
19 05196
04 05197
3e 05198
16 05199
02 05200
01 05201
04 05202
01 05203
cf 05204
84 05205
dd 05206
5e 05207
5f 05208
5d 05209
0a 05210
09 05211
ff 05212
e0 05213
00 05214
01 05215
47 05216
ca 05217
91 05218
17 05219
73 05220
b6 05221
bb 05222
2c 05223
04 05224
3e 05225
29 05226
02 05227
01 05228
00 05229
00 05230
e8 05231
49 05232
00 05233
26 05234
e1 05235
80 05236
1d 05237
0d 05238
ff 05239
01 05240
83 05241
00 05242
00 05243
00 05244
00 05245
80 05246
e1 05247
26 05248
00 05249
49 05250
e8 05251
02 05252
01 05253
06 05254
08 05255
09 05256
50 05257
32 05258
50 05259
53 05260
52 05261
56 05262
31 05263
02 05264
0a 05265
00 05266
d1 05267
bb 05268
19 05269
04 05270
3e 05271
16 05272
02 05273
01 05274
04 05275
01 05276
ef 05277
01 05278
90 05279
7b 05280
f0 05281
51 05282
0a 05283
09 05284
ff 05285
e0 05286
00 05287
01 05288
16 05289
ca 05290
61 05291
5a 05292
44 05293
ae 05294
bb 05295
19 05296
04 05297
3e 05298
16 05299
02 05300
01 05301
04 05302
01 05303
7c 05304
6e 05305
e3 05306
89 05307
e7 05308
7a 05309
0a 05310
09 05311
ff 05312
e0 05313
00 05314
01 05315
39 05316
ca 05317
8b 05318
19 05319
7b 05320
ab 05321
bb 05322
2e 05323
04 05324
3e 05325
2b 05326
02 05327
01 05328
00 05329
01 05330
a3 05331
c8 05332
70 05333
e4 05334
02 05335
ce 05336
1f 05337
02 05338
01 05339
06 05340
11 05341
06 05342
42 05343
ae 05344
20 05345
c0 05346
09 05347
5c 05348
f8 05349
a1 05350
e8 05351
48 05352
d4 05353
31 05354
01 05355
01 05356
12 05357
af 05358
09 05359
09 05360
4c 05361
55 05362
4d 05363
4f 05364
2a 05365
00 05366
0e 05367
01 05368
b1 05369
bb 05370
2c 05371
04 05372
3e 05373
29 05374
02 05375
01 05376
00 05377
00 05378
e8 05379
49 05380
00 05381
26 05382
e1 05383
80 05384
1d 05385
0d 05386
ff 05387
01 05388
83 05389
00 05390
00 05391
00 05392
00 05393
80 05394
e1 05395
26 05396
00 05397
49 05398
e8 05399
02 05400
01 05401
06 05402
08 05403
09 05404
50 05405
32 05406
50 05407
53 05408
52 05409
56 05410
31 05411
02 05412
0a 05413
00 05414
ce 05415
bb 05416
19 05417
04 05418
3e 05419
16 05420
02 05421
01 05422
04 05423
01 05424
1a 05425
d5 05426
ed 05427
5e 05428
e9 05429
46 05430
0a 05431
09 05432
ff 05433
e0 05434
00 05435
01 05436
37 05437
ca 05438
86 05439
ca 05440
68 05441
cb 05442
bb 05443
0f 05444
04 05445
3e 05446
0c 05447
02 05448
01 05449
04 05450
00 05451
e8 05452
49 05453
00 05454
26 05455
e1 05456
80 05457
00 05458
ce 05459
bb 05460
19 05461
04 05462
3e 05463
16 05464
02 05465
01 05466
04 05467
01 05468
cf 05469
84 05470
dd 05471
5e 05472
5f 05473
5d 05474
0a 05475
09 05476
ff 05477
e0 05478
00 05479
01 05480
47 05481
ca 05482
91 05483
17 05484
73 05485
b3 05486
bb 05487
19 05488
04 05489
3e 05490
16 05491
02 05492
01 05493
04 05494
01 05495
ef 05496
01 05497
90 05498
7b 05499
f0 05500
51 05501
0a 05502
09 05503
ff 05504
e0 05505
00 05506
01 05507
16 05508
ca 05509
61 05510
5a 05511
44 05512
ad 05513
bb 05514
2c 05515
04 05516
3e 05517
29 05518
02 05519
01 05520
00 05521
00 05522
e8 05523
49 05524
00 05525
26 05526
e1 05527
80 05528
1d 05529
0d 05530
ff 05531
01 05532
83 05533
00 05534
00 05535
00 05536
00 05537
80 05538
e1 05539
26 05540
00 05541
49 05542
e8 05543
02 05544
01 05545
06 05546
08 05547
09 05548
50 05549
32 05550
50 05551
53 05552
52 05553
56 05554
31 05555
02 05556
0a 05557
00 05558
ce 05559
bb 05560
2e 05561
04 05562
3e 05563
2b 05564
02 05565
01 05566
00 05567
01 05568
a3 05569
c8 05570
70 05571
e4 05572
02 05573
ce 05574
1f 05575
02 05576
01 05577
06 05578
11 05579
06 05580
42 05581
ae 05582
20 05583
c0 05584
09 05585
5c 05586
f8 05587
a1 05588
e8 05589
48 05590
d4 05591
31 05592
01 05593
01 05594
12 05595
af 05596
09 05597
09 05598
4c 05599
55 05600
4d 05601
4f 05602
2a 05603
00 05604
0e 05605
01 05606
ab 05607
bb 05608
0f 05609
04 05610
3e 05611
0c 05612
02 05613
01 05614
04 05615
01 05616
a3 05617
c8 05618
70 05619
e4 05620
02 05621
ce 05622
00 05623
ab 05624
bb 05625
19 05626
04 05627
3e 05628
16 05629
02 05630
01 05631
04 05632
01 05633
1a 05634
d5 05635
ed 05636
5e 05637
e9 05638
46 05639
0a 05640
09 05641
ff 05642
e0 05643
00 05644
01 05645
37 05646
ca 05647
86 05648
ca 05649
68 05650
c9 05651
bb 05652
2c 05653
04 05654
3e 05655
29 05656
02 05657
01 05658
00 05659
00 05660
e8 05661
49 05662
00 05663
26 05664
e1 05665
80 05666
1d 05667
0d 05668
ff 05669
01 05670
83 05671
00 05672
00 05673
00 05674
00 05675
80 05676
e1 05677
26 05678
00 05679
49 05680
e8 05681
02 05682
01 05683
06 05684
08 05685
09 05686
50 05687
32 05688
50 05689
53 05690
52 05691
56 05692
31 05693
02 05694
0a 05695
00 05696
cc 05697
bb 05698
0f 05699
04 05700
3e 05701
0c 05702
02 05703
01 05704
04 05705
00 05706
e8 05707
49 05708
00 05709
26 05710
e1 05711
80 05712
00 05713
cc 05714
bb 05715
08 05716
04 05717
ff 05718
05 05719
07 05720
04 05721
02 05722
00 05723
00 05724
aa 05725
04 05726
18 05727
01 05728
9c 05729
fc 05730
18 05731
20 05732
03 05733
20 05734
03 05735
00 05736
e8 05737
49 05738
00 05739
26 05740
e1 05741
80 05742
00 05743
28 05744
00 05745
50 05746
00 05747
00 05748
00 05749
f4 05750
01 05751
10 05752
00 05753
10 05754
00 05755
bb 05756
07 05757
04 05758
0f 05759
04 05760
00 05761
01 05762
9c 05763
fc 05764
bb 05765
08 05766
04 05767
ff 05768
05 05769
07 05770
04 05771
40 05772
00 05773
00 05774
bb 05775
16 05776
04 05777
3e 05778
13 05779
01 05780
00 05781
01 05782
08 05783
00 05784
00 05785
e8 05786
49 05787
00 05788
26 05789
e1 05790
80 05791
3c 05792
00 05793
00 05794
00 05795
f4 05796
01 05797
00 05798
aa 05799
04 05800
02 05801
01 05802
12 05803
fd 05804
02 05805
01 05806
08 05807
bb 05808
07 05809
04 05810
0f 05811
04 05812
00 05813
01 05814
12 05815
fd 05816
bb 05817
0b 05818
04 05819
ff 05820
08 05821
04 05822
00 05823
05 05824
05 05825
52 05826
0e 05827
4d 05828
00 05829
bb 05830
0b 05831
04 05832
ff 05833
08 05834
04 05835
00 05836
05 05837
05 05838
51 05839
86 05840
4d 05841
00 05842
bb 05843
0b 05844
04 05845
ff 05846
08 05847
04 05848
00 05849
05 05850
05 05851
4f 05852
fe 05853
4d 05854
00 05855
bb 05856
15 05857
04 05858
ff 05859
12 05860
0a 05861
0c 05862
01 05863
08 05864
06 05865
0c 05866
01 05867
00 05868
04 05869
00 05870
01 05871
18 05872
05 05873
00 05874
0b 05875
00 05876
00 05877
18 05878
bb 05879
0b 05880
04 05881
ff 05882
08 05883
04 05884
00 05885
05 05886
05 05887
4d 05888
76 05889
4e 05890
00 05891
bb 05892
0b 05893
04 05894
ff 05895
08 05896
04 05897
00 05898
05 05899
05 05900
4c 05901
ee 05902
4e 05903
00 05904
bb 05905
0b 05906
04 05907
ff 05908
08 05909
04 05910
00 05911
05 05912
05 05913
4b 05914
66 05915
4f 05916
00 05917
bb 05918
1d 05919
04 05920
ff 05921
1a 05922
0a 05923
0c 05924
01 05925
08 05926
14 05927
14 05928
0c 05929
00 05930
11 05931
00 05932
8f 05933
e5 05934
b3 05935
d5 05936
2e 05937
7f 05938
4a 05939
98 05940
2a 05941
48 05942
7a 05943
cc 05944
40 05945
fe 05946
00 05947
00 05948
bb 05949
0b 05950
04 05951
ff 05952
08 05953
04 05954
00 05955
05 05956
05 05957
4a 05958
de 05959
4f 05960
00 05961
bb 05962
0b 05963
04 05964
ff 05965
08 05966
04 05967
00 05968
05 05969
05 05970
49 05971
56 05972
50 05973
00 05974
bb 05975
0b 05976
04 05977
ff 05978
08 05979
04 05980
00 05981
05 05982
05 05983
48 05984
ce 05985
50 05986
00 05987
bb 05988
0b 05989
04 05990
ff 05991
08 05992
11 05993
0c 05994
01 05995
08 05996
10 05997
0d 05998
00 05999
0a 06000
bb 06001
08 06002
04 06003
ff 06004
05 06005
10 06006
0c 06007
01 06008
08 06009
00 06010
aa 06011
04 06012
06 06013
01 06014
15 06015
fd 06016
06 06017
01 06018
08 06019
0c 06020
00 06021
11 06022
00 06023
bb 06024
07 06025
04 06026
0f 06027
04 06028
00 06029
01 06030
15 06031
fd 06032
bb 06033
0b 06034
04 06035
ff 06036
08 06037
04 06038
00 06039
05 06040
05 06041
47 06042
46 06043
51 06044
00 06045
bb 06046
0b 06047
04 06048
ff 06049
08 06050
04 06051
00 06052
05 06053
05 06054
46 06055
be 06056
51 06057
00 06058
bb 06059
0b 06060
04 06061
ff 06062
08 06063
04 06064
00 06065
05 06066
05 06067
45 06068
36 06069
52 06070
00 06071
bb 06072
1e 06073
04 06074
ff 06075
1b 06076
06 06077
0c 06078
01 06079
08 06080
15 06081
15 06082
0d 06083
00 06084
06 06085
0e 06086
00 06087
19 06088
ed 06089
82 06090
ae 06091
ed 06092
21 06093
4c 06094
9d 06095
41 06096
45 06097
22 06098
8e 06099
41 06100
fe 06101
00 06102
00 06103
bb 06104
0b 06105
04 06106
ff 06107
08 06108
04 06109
00 06110
05 06111
05 06112
43 06113
ae 06114
52 06115
00 06116
bb 06117
0b 06118
04 06119
ff 06120
08 06121
04 06122
00 06123
05 06124
05 06125
43 06126
26 06127
53 06128
00 06129
bb 06130
0b 06131
04 06132
ff 06133
08 06134
04 06135
00 06136
05 06137
05 06138
42 06139
9e 06140
53 06141
00 06142
bb 06143
1e 06144
04 06145
ff 06146
1b 06147
06 06148
0c 06149
01 06150
08 06151
15 06152
15 06153
0f 06154
00 06155
10 06156
10 06157
00 06158
19 06159
ed 06160
82 06161
ae 06162
ed 06163
21 06164
4c 06165
9d 06166
41 06167
45 06168
22 06169
8e 06170
42 06171
fe 06172
00 06173
00 06174
bb 06175
0b 06176
04 06177
ff 06178
08 06179
04 06180
00 06181
05 06182
05 06183
41 06184
16 06185
54 06186
00 06187
bb 06188
0b 06189
04 06190
ff 06191
08 06192
04 06193
00 06194
05 06195
05 06196
3f 06197
8e 06198
54 06199
00 06200
bb 06201
0b 06202
04 06203
ff 06204
08 06205
04 06206
00 06207
05 06208
05 06209
3e 06210
06 06211
55 06212
00 06213
bb 06214
0b 06215
04 06216
ff 06217
08 06218
11 06219
0c 06220
01 06221
08 06222
08 06223
10 06224
00 06225
0a 06226
bb 06227
08 06228
04 06229
ff 06230
05 06231
10 06232
0c 06233
01 06234
08 06235
00 06236
aa 06237
04 06238
06 06239
01 06240
17 06241
fd 06242
06 06243
01 06244
08 06245
10 06246
00 06247
12 06248
00 06249
bb 06250
07 06251
04 06252
0f 06253
04 06254
00 06255
01 06256
17 06257
fd 06258
bb 06259
0b 06260
04 06261
ff 06262
08 06263
04 06264
00 06265
05 06266
05 06267
3d 06268
7e 06269
55 06270
00 06271
bb 06272
0b 06273
04 06274
ff 06275
08 06276
04 06277
00 06278
05 06279
05 06280
3d 06281
f6 06282
55 06283
00 06284
bb 06285
0b 06286
04 06287
ff 06288
08 06289
04 06290
00 06291
05 06292
05 06293
3c 06294
6e 06295
56 06296
00 06297
bb 06298
0d 06299
04 06300
ff 06301
0a 06302
04 06303
0c 06304
01 06305
08 06306
01 06307
04 06308
11 06309
00 06310
02 06311
29 06312
bb 06313
0b 06314
04 06315
ff 06316
08 06317
04 06318
00 06319
05 06320
05 06321
3c 06322
e6 06323
56 06324
00 06325
bb 06326
0b 06327
04 06328
ff 06329
08 06330
04 06331
00 06332
05 06333
05 06334
3c 06335
5e 06336
57 06337
00 06338
bb 06339
0b 06340
04 06341
ff 06342
08 06343
04 06344
00 06345
05 06346
05 06347
3b 06348
d6 06349
57 06350
00 06351
bb 06352
0b 06353
04 06354
ff 06355
08 06356
11 06357
0c 06358
01 06359
08 06360
04 06361
12 06362
00 06363
0a 06364
bb 06365
08 06366
04 06367
ff 06368
05 06369
10 06370
0c 06371
01 06372
08 06373
00 06374
aa 06375
04 06376
07 06377
01 06378
21 06379
fd 06380
07 06381
01 06382
08 06383
11 06384
00 06385
02 06386
01 06387
00 06388
bb 06389
07 06390
04 06391
0f 06392
04 06393
00 06394
01 06395
21 06396
fd 06397
bb 06398
0b 06399
04 06400
ff 06401
08 06402
04 06403
00 06404
05 06405
05 06406
3b 06407
4e 06408
58 06409
00 06410
bb 06411
0b 06412
04 06413
ff 06414
08 06415
04 06416
00 06417
05 06418
05 06419
3a 06420
c6 06421
58 06422
00 06423
bb 06424
0b 06425
04 06426
ff 06427
08 06428
04 06429
00 06430
05 06431
05 06432
3a 06433
3e 06434
59 06435
00 06436
bb 06437
08 06438
04 06439
ff 06440
05 06441
10 06442
0c 06443
01 06444
08 06445
00 06446
bb 06447
0b 06448
04 06449
ff 06450
08 06451
04 06452
00 06453
05 06454
05 06455
3a 06456
b6 06457
59 06458
00 06459
bb 06460
0b 06461
04 06462
ff 06463
08 06464
04 06465
00 06466
05 06467
05 06468
39 06469
2e 06470
5a 06471
00 06472
bb 06473
0b 06474
04 06475
ff 06476
08 06477
04 06478
00 06479
05 06480
05 06481
39 06482
a6 06483
5a 06484
00 06485
bb 06486
0b 06487
04 06488
ff 06489
08 06490
04 06491
00 06492
05 06493
05 06494
38 06495
1e 06496
5b 06497
00 06498
bb 06499
0b 06500
04 06501
ff 06502
08 06503
04 06504
00 06505
05 06506
05 06507
38 06508
96 06509
5b 06510
00 06511
bb 06512
0b 06513
04 06514
ff 06515
08 06516
04 06517
00 06518
05 06519
05 06520
38 06521
0e 06522
5c 06523
00 06524
bb 06525
0b 06526
04 06527
ff 06528
08 06529
04 06530
00 06531
05 06532
05 06533
37 06534
86 06535
5c 06536
00 06537
bb 06538
0b 06539
04 06540
ff 06541
08 06542
04 06543
00 06544
05 06545
05 06546
38 06547
fe 06548
5c 06549
00 06550
bb 06551
0b 06552
04 06553
ff 06554
08 06555
04 06556
00 06557
05 06558
05 06559
37 06560
76 06561
5d 06562
00 06563
bb 06564
0b 06565
04 06566
ff 06567
08 06568
04 06569
00 06570
05 06571
05 06572
37 06573
ee 06574
5d 06575
00 06576
bb 06577
0b 06578
04 06579
ff 06580
08 06581
04 06582
00 06583
05 06584
05 06585
37 06586
66 06587
5e 06588
00 06589
bb 06590
0b 06591
04 06592
ff 06593
08 06594
04 06595
00 06596
05 06597
05 06598
38 06599
de 06600
5e 06601
00 06602
bb 06603
0b 06604
04 06605
ff 06606
08 06607
04 06608
00 06609
05 06610
05 06611
38 06612
56 06613
5f 06614
00 06615
bb 06616
0b 06617
04 06618
ff 06619
08 06620
04 06621
00 06622
05 06623
05 06624
38 06625
ce 06626
5f 06627
00 06628
bb 06629
0b 06630
04 06631
ff 06632
08 06633
04 06634
00 06635
05 06636
05 06637
38 06638
46 06639
60 06640
00 06641
bb 06642
0b 06643
04 06644
ff 06645
08 06646
04 06647
00 06648
05 06649
05 06650
38 06651
be 06652
60 06653
00 06654
bb 06655
0b 06656
04 06657
ff 06658
08 06659
04 06660
00 06661
05 06662
05 06663
38 06664
36 06665
61 06666
00 06667
bb 06668
0b 06669
04 06670
ff 06671
08 06672
04 06673
00 06674
05 06675
05 06676
38 06677
ae 06678
61 06679
00 06680
bb 06681
0b 06682
04 06683
ff 06684
08 06685
04 06686
00 06687
05 06688
05 06689
38 06690
26 06691
62 06692
00 06693
bb 06694
0b 06695
04 06696
ff 06697
08 06698
04 06699
00 06700
05 06701
05 06702
38 06703
9e 06704
62 06705
00 06706
bb 06707
0b 06708
04 06709
ff 06710
08 06711
04 06712
00 06713
05 06714
05 06715
37 06716
16 06717
63 06718
00 06719
bb 06720
0b 06721
04 06722
ff 06723
08 06724
04 06725
00 06726
05 06727
05 06728
36 06729
8e 06730
63 06731
00 06732
bb 06733
0b 06734
04 06735
ff 06736
08 06737
04 06738
00 06739
05 06740
05 06741
34 06742
06 06743
64 06744
00 06745
bb 06746
0b 06747
04 06748
ff 06749
08 06750
04 06751
00 06752
05 06753
05 06754
33 06755
7e 06756
64 06757
00 06758
bb 06759
0b 06760
04 06761
ff 06762
08 06763
04 06764
00 06765
05 06766
05 06767
32 06768
f6 06769
64 06770
00 06771
bb 06772
0b 06773
04 06774
ff 06775
08 06776
04 06777
00 06778
05 06779
05 06780
31 06781
6e 06782
65 06783
00 06784
bb 06785
0c 06786
04 06787
ff 06788
09 06789
0f 06790
0c 06791
01 06792
08 06793
10 06794
00 06795
02 06796
01 06797
01 06798
bb 06799
0b 06800
04 06801
ff 06802
08 06803
04 06804
00 06805
05 06806
05 06807
2f 06808
e6 06809
65 06810
00 06811
bb 06812
0b 06813
04 06814
ff 06815
08 06816
04 06817
00 06818
05 06819
05 06820
2e 06821
5e 06822
66 06823
00 06824
bb 06825
0b 06826
04 06827
ff 06828
08 06829
04 06830
00 06831
05 06832
05 06833
2c 06834
d6 06835
66 06836
00 06837
bb 06838
0b 06839
04 06840
ff 06841
08 06842
04 06843
00 06844
05 06845
05 06846
2b 06847
4e 06848
67 06849
00 06850
bb 06851
0b 06852
04 06853
ff 06854
08 06855
04 06856
00 06857
05 06858
05 06859
29 06860
c6 06861
67 06862
00 06863
bb 06864
0b 06865
04 06866
ff 06867
08 06868
04 06869
00 06870
05 06871
05 06872
28 06873
3e 06874
68 06875
00 06876
bb 06877
0b 06878
04 06879
ff 06880
08 06881
04 06882
00 06883
05 06884
05 06885
27 06886
b6 06887
68 06888
00 06889
bb 06890
0b 06891
04 06892
ff 06893
08 06894
04 06895
00 06896
05 06897
05 06898
26 06899
2e 06900
69 06901
00 06902
bb 06903
0b 06904
04 06905
ff 06906
08 06907
04 06908
00 06909
05 06910
05 06911
25 06912
a6 06913
69 06914
00 06915
bb 06916
0b 06917
04 06918
ff 06919
08 06920
04 06921
00 06922
05 06923
05 06924
24 06925
1e 06926
6a 06927
00 06928
bb 06929
0b 06930
04 06931
ff 06932
08 06933
04 06934
00 06935
05 06936
05 06937
23 06938
96 06939
6a 06940
00 06941
bb 06942
0b 06943
04 06944
ff 06945
08 06946
04 06947
00 06948
05 06949
05 06950
22 06951
0e 06952
6b 06953
00 06954
bb 06955
0b 06956
04 06957
ff 06958
08 06959
04 06960
00 06961
05 06962
05 06963
21 06964
86 06965
6b 06966
00 06967
bb 06968
0b 06969
04 06970
ff 06971
08 06972
04 06973
00 06974
05 06975
05 06976
20 06977
fe 06978
6b 06979
00 06980
bb 06981
0b 06982
04 06983
ff 06984
08 06985
04 06986
00 06987
05 06988
05 06989
1f 06990
76 06991
6c 06992
00 06993
bb 06994
0b 06995
04 06996
ff 06997
08 06998
04 06999
00 07000
05 07001
05 07002
1d 07003
ee 07004
6c 07005
00 07006
bb 07007
0b 07008
04 07009
ff 07010
08 07011
04 07012
00 07013
05 07014
05 07015
1d 07016
66 07017
6d 07018
00 07019
bb 07020
0b 07021
04 07022
ff 07023
08 07024
04 07025
00 07026
05 07027
05 07028
1c 07029
de 07030
6d 07031
00 07032
bb 07033
0b 07034
04 07035
ff 07036
08 07037
04 07038
00 07039
05 07040
05 07041
1a 07042
56 07043
6e 07044
00 07045
bb 07046
0b 07047
04 07048
ff 07049
08 07050
04 07051
00 07052
05 07053
05 07054
19 07055
ce 07056
6e 07057
00 07058
bb 07059
0b 07060
04 07061
ff 07062
08 07063
04 07064
00 07065
05 07066
05 07067
18 07068
46 07069
6f 07070
00 07071
bb 07072
0b 07073
04 07074
ff 07075
08 07076
04 07077
00 07078
05 07079
05 07080
17 07081
be 07082
6f 07083
00 07084
bb 07085
0b 07086
04 07087
ff 07088
08 07089
04 07090
00 07091
05 07092
05 07093
15 07094
36 07095
70 07096
00 07097
bb 07098
0b 07099
04 07100
ff 07101
08 07102
04 07103
00 07104
05 07105
05 07106
13 07107
ae 07108
70 07109
00 07110
bb 07111
0b 07112
04 07113
ff 07114
08 07115
04 07116
00 07117
05 07118
05 07119
11 07120
26 07121
71 07122
00 07123
bb 07124
0b 07125
04 07126
ff 07127
08 07128
04 07129
00 07130
05 07131
05 07132
10 07133
9e 07134
71 07135
00 07136
bb 07137
0b 07138
04 07139
ff 07140
08 07141
04 07142
00 07143
05 07144
05 07145
0e 07146
16 07147
72 07148
00 07149
bb 07150
0b 07151
04 07152
ff 07153
08 07154
04 07155
00 07156
05 07157
05 07158
0c 07159
8e 07160
72 07161
00 07162
bb 07163
0b 07164
04 07165
ff 07166
08 07167
04 07168
00 07169
05 07170
05 07171
0a 07172
06 07173
73 07174
00 07175
bb 07176
0b 07177
04 07178
ff 07179
08 07180
04 07181
00 07182
05 07183
05 07184
08 07185
7e 07186
73 07187
00 07188
bb 07189
0b 07190
04 07191
ff 07192
08 07193
04 07194
00 07195
05 07196
05 07197
06 07198
f6 07199
73 07200
00 07201
bb 07202
0b 07203
04 07204
ff 07205
08 07206
04 07207
00 07208
05 07209
05 07210
04 07211
6e 07212
74 07213
00 07214
bb 07215
0b 07216
04 07217
ff 07218
08 07219
04 07220
00 07221
05 07222
05 07223
02 07224
e6 07225
74 07226
00 07227
bb 07228
0b 07229
04 07230
ff 07231
08 07232
04 07233
00 07234
05 07235
05 07236
00 07237
5e 07238
75 07239
00 07240
bb 07241
0b 07242
04 07243
ff 07244
08 07245
04 07246
00 07247
05 07248
05 07249
ff 07250
d5 07251
75 07252
00 07253
bb 07254
0b 07255
04 07256
ff 07257
08 07258
04 07259
00 07260
05 07261
05 07262
fd 07263
4d 07264
76 07265
00 07266
bb 07267
0b 07268
04 07269
ff 07270
08 07271
04 07272
00 07273
05 07274
05 07275
fb 07276
c5 07277
76 07278
00 07279
bb 07280
0b 07281
04 07282
ff 07283
08 07284
04 07285
00 07286
05 07287
05 07288
f9 07289
3d 07290
77 07291
00 07292
bb 07293
0b 07294
04 07295
ff 07296
08 07297
04 07298
00 07299
05 07300
05 07301
f8 07302
b5 07303
77 07304
00 07305
bb 07306
0b 07307
04 07308
ff 07309
08 07310
04 07311
00 07312
05 07313
05 07314
f6 07315
2d 07316
78 07317
00 07318
bb 07319
0b 07320
04 07321
ff 07322
08 07323
04 07324
00 07325
05 07326
05 07327
f4 07328
a5 07329
78 07330
00 07331
bb 07332
0b 07333
04 07334
ff 07335
08 07336
04 07337
00 07338
05 07339
05 07340
f2 07341
1d 07342
79 07343
00 07344
bb 07345
0b 07346
04 07347
ff 07348
08 07349
04 07350
00 07351
05 07352
05 07353
f1 07354
95 07355
79 07356
00 07357
bb 07358
0b 07359
04 07360
ff 07361
08 07362
04 07363
00 07364
05 07365
05 07366
ef 07367
0d 07368
7a 07369
00 07370
bb 07371
0b 07372
04 07373
ff 07374
08 07375
04 07376
00 07377
05 07378
05 07379
ed 07380
85 07381
7a 07382
00 07383
bb 07384
0b 07385
04 07386
ff 07387
08 07388
04 07389
00 07390
05 07391
05 07392
ec 07393
fd 07394
7a 07395
00 07396
bb 07397
0b 07398
04 07399
ff 07400
08 07401
04 07402
00 07403
05 07404
05 07405
ea 07406
75 07407
7b 07408
00 07409
bb 07410
0b 07411
04 07412
ff 07413
08 07414
04 07415
00 07416
05 07417
05 07418
e8 07419
ed 07420
7b 07421
00 07422
bb 07423
0b 07424
04 07425
ff 07426
08 07427
04 07428
00 07429
05 07430
05 07431
e6 07432
65 07433
7c 07434
00 07435
bb 07436
0b 07437
04 07438
ff 07439
08 07440
04 07441
00 07442
05 07443
05 07444
e5 07445
dd 07446
7c 07447
00 07448
bb 07449
12 07450
04 07451
ff 07452
0f 07453
02 07454
08 07455
01 07456
08 07457
01 07458
08 07459
00 07460
20 07461
03 07462
20 07463
03 07464
00 07465
00 07466
f4 07467
01 07468
bb 07469
0b 07470
04 07471
ff 07472
08 07473
04 07474
00 07475
05 07476
05 07477
e3 07478
55 07479
7d 07480
00 07481
aa 07482
04 07483
02 07484
01 07485
18 07486
fc 07487
02 07488
00 07489
00 07490
bb 07491
07 07492
04 07493
0e 07494
04 07495
01 07496
18 07497
fc 07498
00 07499
aa 07500
04 07501
10 07502
01 07503
82 07504
fd 07505
10 07506
01 07507
08 07508
20 07509
03 07510
20 07511
03 07512
00 07513
00 07514
f4 07515
01 07516
10 07517
00 07518
10 07519
00 07520
01 07521
01 07522
bb 07523
07 07524
04 07525
0e 07526
04 07527
01 07528
82 07529
fd 07530
00 07531
aa 07532
04 07533
02 07534
01 07535
18 07536
fc 07537
02 07538
20 07539
00 07540
bb 07541
07 07542
04 07543
0e 07544
04 07545
01 07546
18 07547
fc 07548
00 07549
bb 07550
0b 07551
04 07552
ff 07553
08 07554
04 07555
00 07556
05 07557
05 07558
e2 07559
cd 07560
7d 07561
00 07562
bb 07563
0b 07564
04 07565
ff 07566
08 07567
04 07568
00 07569
05 07570
05 07571
e0 07572
45 07573
7e 07574
00 07575
bb 07576
0b 07577
04 07578
ff 07579
08 07580
04 07581
00 07582
05 07583
05 07584
df 07585
bd 07586
7e 07587
00 07588
bb 07589
0b 07590
04 07591
ff 07592
08 07593
04 07594
00 07595
05 07596
05 07597
dd 07598
35 07599
7f 07600
00 07601
bb 07602
0b 07603
04 07604
ff 07605
08 07606
04 07607
00 07608
05 07609
05 07610
dc 07611
ad 07612
7f 07613
00 07614
bb 07615
0b 07616
04 07617
ff 07618
08 07619
04 07620
00 07621
05 07622
05 07623
db 07624
25 07625
80 07626
00 07627
bb 07628
0b 07629
04 07630
ff 07631
08 07632
04 07633
00 07634
05 07635
05 07636
d9 07637
9d 07638
80 07639
00 07640
bb 07641
0b 07642
04 07643
ff 07644
08 07645
04 07646
00 07647
05 07648
05 07649
d8 07650
15 07651
81 07652
00 07653
bb 07654
0d 07655
04 07656
3e 07657
0a 07658
03 07659
00 07660
01 07661
08 07662
20 07663
03 07664
00 07665
00 07666
f4 07667
01 07668
bb 07669
0b 07670
04 07671
ff 07672
08 07673
04 07674
00 07675
05 07676
05 07677
d6 07678
55 07679
87 07680
00 07681
bb 07682
0b 07683
04 07684
ff 07685
08 07686
04 07687
00 07688
05 07689
05 07690
d3 07691
95 07692
8d 07693
00 07694
bb 07695
0b 07696
04 07697
ff 07698
08 07699
04 07700
00 07701
05 07702
05 07703
d3 07704
d5 07705
93 07706
00 07707
bb 07708
0b 07709
04 07710
ff 07711
08 07712
04 07713
00 07714
05 07715
05 07716
d3 07717
15 07718
9a 07719
00 07720
SENDCMD @0 4 0 ogf 3 ocf 3 OGF_CONTROLLER OCF_HCI_RESET plen 0
ISR @7 7
evt 0e evtlen 04
"EVT_CMD_COMPLETE_CODE"
[03,003]
status 00
SENDCMD @16 4 8 ogf 3f ocf c OGF_VENDOR_CMD OCF_HAL_WRITE_CONFIG_DATA plen 8
ISR @31 7
evt 0e evtlen 04
"EVT_CMD_COMPLETE_CODE"
[3f,00c]
status 00
SENDCMD @40 4 8 ogf 3f ocf c OGF_VENDOR_CMD OCF_HAL_WRITE_CONFIG_DATA plen 8
ISR @55 7
evt 0e evtlen 04
"EVT_CMD_COMPLETE_CODE"
[3f,00c]
status 00
SENDCMD @64 4 18 ogf 3f ocf c OGF_VENDOR_CMD OCF_HAL_WRITE_CONFIG_DATA plen 18
ISR @89 7
evt 0e evtlen 04
"EVT_CMD_COMPLETE_CODE"
[3f,00c]
status 00
SENDCMD @98 4 18 ogf 3f ocf c OGF_VENDOR_CMD OCF_HAL_WRITE_CONFIG_DATA plen 18
ISR @123 7
evt 0e evtlen 04
"EVT_CMD_COMPLETE_CODE"
[3f,00c]
status 00
SENDCMD @132 4 2 ogf 3f ocf f OGF_VENDOR_CMD OCF_HAL_SET_TX_POWER_LEVEL plen 2
ISR @141 7
evt 0e evtlen 04
"EVT_CMD_COMPLETE_CODE"
[3f,00f]
status 00
SENDCMD @150 4 0 ogf 3f ocf 101 OGF_VENDOR_CMD OCF_GATT_INIT plen 0
ISR @157 7
evt 0e evtlen 04
"EVT_CMD_COMPLETE_CODE"
[3f,101]
status 00
SENDCMD @166 4 3 ogf 3f ocf 8a OGF_VENDOR_CMD OCF_GAP_INIT plen 3
ISR @176 13
evt 0e evtlen 0a
"EVT_CMD_COMPLETE_CODE"
[3f,08a]
status 00
service_handle 0005
dev_name_char_handle 0006
appearance_char_handle 0008
SENDCMD @191 4 13 ogf 3f ocf 106 OGF_VENDOR_CMD OCF_GATT_UPD_CHAR_VAL plen 13
ts 5453: servh 0005 charh 0006 cvo 0 cvl 7
4d 33 32 57 42 
ISR @211 7
evt 0e evtlen 04
"EVT_CMD_COMPLETE_CODE"
[3f,106]
status 00
SENDCMD @220 4 8 ogf 3f ocf 106 OGF_VENDOR_CMD OCF_GATT_UPD_CHAR_VAL plen 8
ts 0000: servh 0005 charh 0008 cvo 0 cvl 2

ISR @235 7
evt 0e evtlen 04
"EVT_CMD_COMPLETE_CODE"
[3f,106]
status 00
SENDCMD @244 4 1 ogf 3f ocf 85 OGF_VENDOR_CMD OCF_GAP_SET_IO_CAPABILITY plen 1
ISR @252 7
evt 0e evtlen 04
"EVT_CMD_COMPLETE_CODE"
[3f,085]
status 00
SENDCMD @261 4 12 ogf 3f ocf 86 OGF_VENDOR_CMD OCF_GAP_SET_AUTH_REQUIREMENT plen 12
ISR @280 7
evt 0e evtlen 04
"EVT_CMD_COMPLETE_CODE"
[3f,086]
status 00
SENDCMD @289 4 0 ogf 3f ocf 92 OGF_VENDOR_CMD OCF_GAP_CONFIGURE_WHITELIST plen 0
ISR @296 7
evt 0e evtlen 04
"EVT_CMD_COMPLETE_CODE"
[3f,092]
status 00
SENDCMD @305 4 2 ogf 3f ocf 18 OGF_VENDOR_CMD OCF_HAL_SET_RADIO_ACTIVITY_MASK plen 2
ISR @314 7
evt 0e evtlen 04
"EVT_CMD_COMPLETE_CODE"
[3f,018]
status 00
SENDCMD @323 4 0 ogf 4 ocf 1 OGF_INFO_PARAM OCF_READ_LOCAL_VERSION plen 0
ISR @330 15
evt 0e evtlen 0c
"EVT_CMD_COMPLETE_CODE"
[04,001]
status 00
hci_version 09
hci_revision 0028
lmp_pal_version 09
manufacturer name 0030
lmp_pal_subversion 2828
SENDCMD @347 4 6 ogf 3f ocf 97 OGF_VENDOR_CMD OCF_GAP_START_GENERAL_DISCOVERY_PROC plen 6
ISR @360 7
evt 0f evtlen 04
ISR @369 44
evt 3e evtlen 29
"EVT_LE_META_EVENT"
subevent 29
ISR @415 15
evt 3e evtlen 0c
"EVT_LE_META_EVENT"
subevent 0c
ISR @432 25
evt 3e evtlen 16
"EVT_LE_META_EVENT"
subevent 16
ISR @459 29
evt 3e evtlen 1a
"EVT_LE_META_EVENT"
subevent 1a
ISR @490 46
evt 3e evtlen 2b
"EVT_LE_META_EVENT"
subevent 2b
ISR @538 44
evt 3e evtlen 29
"EVT_LE_META_EVENT"
subevent 29
ISR @584 25
evt 3e evtlen 16
"EVT_LE_META_EVENT"
subevent 16
ISR @611 25
evt 3e evtlen 16
"EVT_LE_META_EVENT"
subevent 16
ISR @638 25
evt 3e evtlen 16
"EVT_LE_META_EVENT"
subevent 16
ISR @665 44
evt 3e evtlen 29
"EVT_LE_META_EVENT"
subevent 29
ISR @711 15
evt 3e evtlen 0c
"EVT_LE_META_EVENT"
subevent 0c
ISR @728 25
evt 3e evtlen 16
"EVT_LE_META_EVENT"
subevent 16
ISR @755 25
evt 3e evtlen 16
"EVT_LE_META_EVENT"
subevent 16
ISR @782 44
evt 3e evtlen 29
"EVT_LE_META_EVENT"
subevent 29
ISR @828 46
evt 3e evtlen 2b
"EVT_LE_META_EVENT"
subevent 2b
ISR @876 15
evt 3e evtlen 0c
"EVT_LE_META_EVENT"
subevent 0c
ISR @893 44
evt 3e evtlen 29
"EVT_LE_META_EVENT"
subevent 29
ISR @939 25
evt 3e evtlen 16
"EVT_LE_META_EVENT"
subevent 16
ISR @966 15
evt 3e evtlen 0c
"EVT_LE_META_EVENT"
subevent 0c
ISR @983 46
evt 3e evtlen 2b
"EVT_LE_META_EVENT"
subevent 2b
ISR @1031 29
evt 3e evtlen 1a
"EVT_LE_META_EVENT"
subevent 1a
ISR @1062 44
evt 3e evtlen 29
"EVT_LE_META_EVENT"
subevent 29
ISR @1108 25
evt 3e evtlen 16
"EVT_LE_META_EVENT"
subevent 16
ISR @1135 29
evt 3e evtlen 1a
"EVT_LE_META_EVENT"
subevent 1a
ISR @1166 36
evt 3e evtlen 21
"EVT_LE_META_EVENT"
subevent 21
ISR @1204 25
evt 3e evtlen 16
"EVT_LE_META_EVENT"
subevent 16
ISR @1231 25
evt 3e evtlen 16
"EVT_LE_META_EVENT"
subevent 16
ISR @1258 44
evt 3e evtlen 29
"EVT_LE_META_EVENT"
subevent 29
ISR @1304 15
evt 3e evtlen 0c
"EVT_LE_META_EVENT"
subevent 0c
ISR @1321 25
evt 3e evtlen 16
"EVT_LE_META_EVENT"
subevent 16
ISR @1348 44
evt 3e evtlen 29
"EVT_LE_META_EVENT"
subevent 29
ISR @1394 46
evt 3e evtlen 2b
"EVT_LE_META_EVENT"
subevent 2b
ISR @1442 44
evt 3e evtlen 29
"EVT_LE_META_EVENT"
subevent 29
ISR @1488 25
evt 3e evtlen 16
"EVT_LE_META_EVENT"
subevent 16
ISR @1515 25
evt 3e evtlen 16
"EVT_LE_META_EVENT"
subevent 16
ISR @1542 44
evt 3e evtlen 29
"EVT_LE_META_EVENT"
subevent 29
ISR @1588 25
evt 3e evtlen 16
"EVT_LE_META_EVENT"
subevent 16
ISR @1615 15
evt 3e evtlen 0c
"EVT_LE_META_EVENT"
subevent 0c
ISR @1632 46
evt 3e evtlen 2b
"EVT_LE_META_EVENT"
subevent 2b
ISR @1680 44
evt 3e evtlen 29
"EVT_LE_META_EVENT"
subevent 29
ISR @1726 29
evt 3e evtlen 1a
"EVT_LE_META_EVENT"
subevent 1a
ISR @1757 36
evt 3e evtlen 21
"EVT_LE_META_EVENT"
subevent 21
ISR @1795 44
evt 3e evtlen 29
"EVT_LE_META_EVENT"
subevent 29
ISR @1841 29
evt 3e evtlen 1a
"EVT_LE_META_EVENT"
subevent 1a
ISR @1872 46
evt 3e evtlen 2b
"EVT_LE_META_EVENT"
subevent 2b
ISR @1920 15
evt 3e evtlen 0c
"EVT_LE_META_EVENT"
subevent 0c
ISR @1937 25
evt 3e evtlen 16
"EVT_LE_META_EVENT"
subevent 16
ISR @1964 44
evt 3e evtlen 29
"EVT_LE_META_EVENT"
subevent 29
ISR @2010 25
evt 3e evtlen 16
"EVT_LE_META_EVENT"
subevent 16
ISR @2037 15
evt 3e evtlen 0c
"EVT_LE_META_EVENT"
subevent 0c
ISR @2054 25
evt 3e evtlen 16
"EVT_LE_META_EVENT"
subevent 16
ISR @2081 44
evt 3e evtlen 29
"EVT_LE_META_EVENT"
subevent 29
ISR @2127 25
evt 3e evtlen 16
"EVT_LE_META_EVENT"
subevent 16
ISR @2154 44
evt 3e evtlen 29
"EVT_LE_META_EVENT"
subevent 29
ISR @2200 25
evt 3e evtlen 16
"EVT_LE_META_EVENT"
subevent 16
ISR @2227 25
evt 3e evtlen 16
"EVT_LE_META_EVENT"
subevent 16
ISR @2254 46
evt 3e evtlen 2b
"EVT_LE_META_EVENT"
subevent 2b
ISR @2302 15
evt 3e evtlen 0c
"EVT_LE_META_EVENT"
subevent 0c
ISR @2319 44
evt 3e evtlen 29
"EVT_LE_META_EVENT"
subevent 29
ISR @2365 15
evt 3e evtlen 0c
"EVT_LE_META_EVENT"
subevent 0c
ISR @2382 25
evt 3e evtlen 16
"EVT_LE_META_EVENT"
subevent 16
ISR @2409 25
evt 3e evtlen 16
"EVT_LE_META_EVENT"
subevent 16
ISR @2436 25
evt 3e evtlen 16
"EVT_LE_META_EVENT"
subevent 16
ISR @2463 44
evt 3e evtlen 29
"EVT_LE_META_EVENT"
subevent 29
ISR @2509 25
evt 3e evtlen 16
"EVT_LE_META_EVENT"
subevent 16
ISR @2536 15
evt 3e evtlen 0c
"EVT_LE_META_EVENT"
subevent 0c
SENDCMD @2553 4 6 ogf 3f ocf 97 OGF_VENDOR_CMD OCF_GAP_START_GENERAL_DISCOVERY_PROC plen 6
ISR @2566 7
evt 0f evtlen 04
ISR @2575 25
evt 3e evtlen 16
"EVT_LE_META_EVENT"
subevent 16
ISR @2602 25
evt 3e evtlen 16
"EVT_LE_META_EVENT"
subevent 16
ISR @2629 44
evt 3e evtlen 29
"EVT_LE_META_EVENT"
subevent 29
ISR @2675 46
evt 3e evtlen 2b
"EVT_LE_META_EVENT"
subevent 2b
ISR @2723 15
evt 3e evtlen 0c
"EVT_LE_META_EVENT"
subevent 0c
ISR @2740 25
evt 3e evtlen 16
"EVT_LE_META_EVENT"
subevent 16
ISR @2767 44
evt 3e evtlen 29
"EVT_LE_META_EVENT"
subevent 29
ISR @2813 15
evt 3e evtlen 0c
"EVT_LE_META_EVENT"
subevent 0c
ISR @2830 25
evt 3e evtlen 16
"EVT_LE_META_EVENT"
subevent 16
ISR @2857 25
evt 3e evtlen 16
"EVT_LE_META_EVENT"
subevent 16
ISR @2884 25
evt 3e evtlen 16
"EVT_LE_META_EVENT"
subevent 16
ISR @2911 44
evt 3e evtlen 29
"EVT_LE_META_EVENT"
subevent 29
ISR @2957 29
evt 3e evtlen 1a
"EVT_LE_META_EVENT"
subevent 1a
ISR @2988 46
evt 3e evtlen 2b
"EVT_LE_META_EVENT"
subevent 2b
ISR @3036 15
evt 3e evtlen 0c
"EVT_LE_META_EVENT"
subevent 0c
ISR @3053 15
evt 3e evtlen 0c
"EVT_LE_META_EVENT"
subevent 0c
ISR @3070 25
evt 3e evtlen 16
"EVT_LE_META_EVENT"
subevent 16
ISR @3097 25
evt 3e evtlen 16
"EVT_LE_META_EVENT"
subevent 16
ISR @3124 25
evt 3e evtlen 16
"EVT_LE_META_EVENT"
subevent 16
ISR @3151 44
evt 3e evtlen 29
"EVT_LE_META_EVENT"
subevent 29
SENDCMD @3197 4 6 ogf 3f ocf 97 OGF_VENDOR_CMD OCF_GAP_START_GENERAL_DISCOVERY_PROC plen 6
ISR @3210 7
evt 0f evtlen 04
ISR @3219 25
evt 3e evtlen 16
"EVT_LE_META_EVENT"
subevent 16
ISR @3246 44
evt 3e evtlen 29
"EVT_LE_META_EVENT"
subevent 29
ISR @3292 15
evt 3e evtlen 0c
"EVT_LE_META_EVENT"
subevent 0c
ISR @3309 46
evt 3e evtlen 2b
"EVT_LE_META_EVENT"
subevent 2b
ISR @3357 25
evt 3e evtlen 16
"EVT_LE_META_EVENT"
subevent 16
ISR @3384 44
evt 3e evtlen 29
"EVT_LE_META_EVENT"
subevent 29
ISR @3430 25
evt 3e evtlen 16
"EVT_LE_META_EVENT"
subevent 16
ISR @3457 29
evt 3e evtlen 1a
"EVT_LE_META_EVENT"
subevent 1a
ISR @3488 36
evt 3e evtlen 21
"EVT_LE_META_EVENT"
subevent 21
ISR @3526 25
evt 3e evtlen 16
"EVT_LE_META_EVENT"
subevent 16
ISR @3553 44
evt 3e evtlen 29
"EVT_LE_META_EVENT"
subevent 29
ISR @3599 15
evt 3e evtlen 0c
"EVT_LE_META_EVENT"
subevent 0c
ISR @3616 25
evt 3e evtlen 16
"EVT_LE_META_EVENT"
subevent 16
ISR @3643 46
evt 3e evtlen 2b
"EVT_LE_META_EVENT"
subevent 2b
ISR @3691 15
evt 3e evtlen 0c
"EVT_LE_META_EVENT"
subevent 0c
ISR @3708 25
evt 3e evtlen 16
"EVT_LE_META_EVENT"
subevent 16
ISR @3735 25
evt 3e evtlen 16
"EVT_LE_META_EVENT"
subevent 16
ISR @3762 44
evt 3e evtlen 29
"EVT_LE_META_EVENT"
subevent 29
ISR @3808 15
evt 3e evtlen 0c
"EVT_LE_META_EVENT"
subevent 0c
ISR @3825 25
evt 3e evtlen 16
"EVT_LE_META_EVENT"
subevent 16
ISR @3852 25
evt 3e evtlen 16
"EVT_LE_META_EVENT"
subevent 16
ISR @3879 25
evt 3e evtlen 16
"EVT_LE_META_EVENT"
subevent 16
ISR @3906 44
evt 3e evtlen 29
"EVT_LE_META_EVENT"
subevent 29
ISR @3952 25
evt 3e evtlen 16
"EVT_LE_META_EVENT"
subevent 16
SENDCMD @3979 4 6 ogf 3f ocf 97 OGF_VENDOR_CMD OCF_GAP_START_GENERAL_DISCOVERY_PROC plen 6
ISR @3992 7
evt 0f evtlen 04
ISR @4001 15
evt 3e evtlen 0c
"EVT_LE_META_EVENT"
subevent 0c
ISR @4018 25
evt 3e evtlen 16
"EVT_LE_META_EVENT"
subevent 16
ISR @4045 46
evt 3e evtlen 2b
"EVT_LE_META_EVENT"
subevent 2b
ISR @4093 15
evt 3e evtlen 0c
"EVT_LE_META_EVENT"
subevent 0c
ISR @4110 44
evt 3e evtlen 29
"EVT_LE_META_EVENT"
subevent 29
ISR @4156 25
evt 3e evtlen 16
"EVT_LE_META_EVENT"
subevent 16
ISR @4183 25
evt 3e evtlen 16
"EVT_LE_META_EVENT"
subevent 16
ISR @4210 15
evt 3e evtlen 0c
"EVT_LE_META_EVENT"
subevent 0c
ISR @4227 44
evt 3e evtlen 29
"EVT_LE_META_EVENT"
subevent 29
ISR @4273 29
evt 3e evtlen 1a
"EVT_LE_META_EVENT"
subevent 1a
ISR @4304 36
evt 3e evtlen 21
"EVT_LE_META_EVENT"
subevent 21
ISR @4342 25
evt 3e evtlen 16
"EVT_LE_META_EVENT"
subevent 16
ISR @4369 46
evt 3e evtlen 2b
"EVT_LE_META_EVENT"
subevent 2b
ISR @4417 15
evt 3e evtlen 0c
"EVT_LE_META_EVENT"
subevent 0c
ISR @4434 25
evt 3e evtlen 16
"EVT_LE_META_EVENT"
subevent 16
ISR @4461 44
evt 3e evtlen 29
"EVT_LE_META_EVENT"
subevent 29
ISR @4507 15
evt 3e evtlen 0c
"EVT_LE_META_EVENT"
subevent 0c
ISR @4524 25
evt 3e evtlen 16
"EVT_LE_META_EVENT"
subevent 16
ISR @4551 25
evt 3e evtlen 16
"EVT_LE_META_EVENT"
subevent 16
ISR @4578 25
evt 3e evtlen 16
"EVT_LE_META_EVENT"
subevent 16
ISR @4605 25
evt 3e evtlen 16
"EVT_LE_META_EVENT"
subevent 16
ISR @4632 44
evt 3e evtlen 29
"EVT_LE_META_EVENT"
subevent 29
ISR @4678 15
evt 3e evtlen 0c
"EVT_LE_META_EVENT"
subevent 0c
ISR @4695 25
evt 3e evtlen 16
"EVT_LE_META_EVENT"
subevent 16
ISR @4722 25
evt 3e evtlen 16
"EVT_LE_META_EVENT"
subevent 16
ISR @4749 25
evt 3e evtlen 16
"EVT_LE_META_EVENT"
subevent 16
ISR @4776 44
evt 3e evtlen 29
"EVT_LE_META_EVENT"
subevent 29
ISR @4822 25
evt 3e evtlen 16
"EVT_LE_META_EVENT"
subevent 16
ISR @4849 15
evt 3e evtlen 0c
"EVT_LE_META_EVENT"
subevent 0c
ISR @4866 25
evt 3e evtlen 16
"EVT_LE_META_EVENT"
subevent 16
ISR @4893 44
evt 3e evtlen 29
"EVT_LE_META_EVENT"
subevent 29
ISR @4939 25
evt 3e evtlen 16
"EVT_LE_META_EVENT"
subevent 16
ISR @4966 46
evt 3e evtlen 2b
"EVT_LE_META_EVENT"
subevent 2b
ISR @5014 29
evt 3e evtlen 1a
"EVT_LE_META_EVENT"
subevent 1a
ISR @5045 36
evt 3e evtlen 21
"EVT_LE_META_EVENT"
subevent 21
ISR @5083 44
evt 3e evtlen 29
"EVT_LE_META_EVENT"
subevent 29
ISR @5129 25
evt 3e evtlen 16
"EVT_LE_META_EVENT"
subevent 16
ISR @5156 15
evt 3e evtlen 0c
"EVT_LE_META_EVENT"
subevent 0c
SENDCMD @5173 4 6 ogf 3f ocf 97 OGF_VENDOR_CMD OCF_GAP_START_GENERAL_DISCOVERY_PROC plen 6
ISR @5186 7
evt 0f evtlen 04
ISR @5195 25
evt 3e evtlen 16
"EVT_LE_META_EVENT"
subevent 16
ISR @5222 44
evt 3e evtlen 29
"EVT_LE_META_EVENT"
subevent 29
ISR @5268 25
evt 3e evtlen 16
"EVT_LE_META_EVENT"
subevent 16
ISR @5295 25
evt 3e evtlen 16
"EVT_LE_META_EVENT"
subevent 16
ISR @5322 46
evt 3e evtlen 2b
"EVT_LE_META_EVENT"
subevent 2b
ISR @5370 44
evt 3e evtlen 29
"EVT_LE_META_EVENT"
subevent 29
ISR @5416 25
evt 3e evtlen 16
"EVT_LE_META_EVENT"
subevent 16
ISR @5443 15
evt 3e evtlen 0c
"EVT_LE_META_EVENT"
subevent 0c
ISR @5460 25
evt 3e evtlen 16
"EVT_LE_META_EVENT"
subevent 16
ISR @5487 25
evt 3e evtlen 16
"EVT_LE_META_EVENT"
subevent 16
ISR @5514 44
evt 3e evtlen 29
"EVT_LE_META_EVENT"
subevent 29
ISR @5560 46
evt 3e evtlen 2b
"EVT_LE_META_EVENT"
subevent 2b
ISR @5608 15
evt 3e evtlen 0c
"EVT_LE_META_EVENT"
subevent 0c
ISR @5625 25
evt 3e evtlen 16
"EVT_LE_META_EVENT"
subevent 16
ISR @5652 44
evt 3e evtlen 29
"EVT_LE_META_EVENT"
subevent 29
ISR @5698 15
evt 3e evtlen 0c
"EVT_LE_META_EVENT"
subevent 0c
ISR @5715 8
evt ff evtlen 05
"EVT_VENDOR"
ecode 0407
SENDCMD @5725 4 24 ogf 3f ocf 9c OGF_VENDOR_CMD OCF_GAP_CREATE_CONNECTION plen 24
ISR @5756 7
evt 0f evtlen 04
ISR @5765 8
evt ff evtlen 05
"EVT_VENDOR"
ecode 0407
ISR @5775 22
evt 3e evtlen 13
"EVT_LE_META_EVENT"
subevent 13
SENDCMD @5799 4 2 ogf 3f ocf 112 OGF_VENDOR_CMD OCF_GATT_DISC_ALL_PRIM_SERVICES plen 2
ISR @5808 7
evt 0f evtlen 04
ISR @5817 11
evt ff evtlen 08
"EVT_VENDOR"
ecode 0004
ISR @5830 11
evt ff evtlen 08
"EVT_VENDOR"
ecode 0004
ISR @5843 11
evt ff evtlen 08
"EVT_VENDOR"
ecode 0004
ISR @5856 21
evt ff evtlen 12
"EVT_VENDOR"
ecode 0c0a
ISR @5879 11
evt ff evtlen 08
"EVT_VENDOR"
ecode 0004
ISR @5892 11
evt ff evtlen 08
"EVT_VENDOR"
ecode 0004
ISR @5905 11
evt ff evtlen 08
"EVT_VENDOR"
ecode 0004
ISR @5918 29
evt ff evtlen 1a
"EVT_VENDOR"
ecode 0c0a
ISR @5949 11
evt ff evtlen 08
"EVT_VENDOR"
ecode 0004
ISR @5962 11
evt ff evtlen 08
"EVT_VENDOR"
ecode 0004
ISR @5975 11
evt ff evtlen 08
"EVT_VENDOR"
ecode 0004
ISR @5988 11
evt ff evtlen 08
"EVT_VENDOR"
ecode 0c11
conn_handle 0801
Len 10
Req 0d
attr_handle 0a00
Error bb
ISR @6001 8
evt ff evtlen 05
"EVT_VENDOR"
ecode 0c10
SENDCMD @6011 4 6 ogf 3f ocf 115 OGF_VENDOR_CMD OCF_GATT_DISC_ALL_CHARAC_OF_SERV plen 6
ISR @6024 7
evt 0f evtlen 04
ISR @6033 11
evt ff evtlen 08
"EVT_VENDOR"
ecode 0004
ISR @6046 11
evt ff evtlen 08
"EVT_VENDOR"
ecode 0004
ISR @6059 11
evt ff evtlen 08
"EVT_VENDOR"
ecode 0004
ISR @6072 30
evt ff evtlen 1b
"EVT_VENDOR"
ecode 0c06
ISR @6104 11
evt ff evtlen 08
"EVT_VENDOR"
ecode 0004
ISR @6117 11
evt ff evtlen 08
"EVT_VENDOR"
ecode 0004
ISR @6130 11
evt ff evtlen 08
"EVT_VENDOR"
ecode 0004
ISR @6143 30
evt ff evtlen 1b
"EVT_VENDOR"
ecode 0c06
ISR @6175 11
evt ff evtlen 08
"EVT_VENDOR"
ecode 0004
ISR @6188 11
evt ff evtlen 08
"EVT_VENDOR"
ecode 0004
ISR @6201 11
evt ff evtlen 08
"EVT_VENDOR"
ecode 0004
ISR @6214 11
evt ff evtlen 08
"EVT_VENDOR"
ecode 0c11
conn_handle 0801
Len 08
Req 10
attr_handle 0a00
Error bb
ISR @6227 8
evt ff evtlen 05
"EVT_VENDOR"
ecode 0c10
SENDCMD @6237 4 6 ogf 3f ocf 117 OGF_VENDOR_CMD OCF_GATT_DISC_ALL_CHARAC_DESCRIPTORS plen 6
ISR @6250 7
evt 0f evtlen 04
ISR @6259 11
evt ff evtlen 08
"EVT_VENDOR"
ecode 0004
ISR @6272 11
evt ff evtlen 08
"EVT_VENDOR"
ecode 0004
ISR @6285 11
evt ff evtlen 08
"EVT_VENDOR"
ecode 0004
ISR @6298 13
evt ff evtlen 0a
"EVT_VENDOR"
ecode 0c04
ISR @6313 11
evt ff evtlen 08
"EVT_VENDOR"
ecode 0004
ISR @6326 11
evt ff evtlen 08
"EVT_VENDOR"
ecode 0004
ISR @6339 11
evt ff evtlen 08
"EVT_VENDOR"
ecode 0004
ISR @6352 11
evt ff evtlen 08
"EVT_VENDOR"
ecode 0c11
conn_handle 0801
Len 04
Req 12
attr_handle 0a00
Error bb
ISR @6365 8
evt ff evtlen 05
"EVT_VENDOR"
ecode 0c10
SENDCMD @6375 4 7 ogf 3f ocf 121 OGF_VENDOR_CMD OCF_GATT_WRITE_CHAR_DESCRIPTOR plen 7
ISR @6389 7
evt 0f evtlen 04
ISR @6398 11
evt ff evtlen 08
"EVT_VENDOR"
ecode 0004
ISR @6411 11
evt ff evtlen 08
"EVT_VENDOR"
ecode 0004
ISR @6424 11
evt ff evtlen 08
"EVT_VENDOR"
ecode 0004
ISR @6437 8
evt ff evtlen 05
"EVT_VENDOR"
ecode 0c10
ISR @6447 11
evt ff evtlen 08
"EVT_VENDOR"
ecode 0004
ISR @6460 11
evt ff evtlen 08
"EVT_VENDOR"
ecode 0004
ISR @6473 11
evt ff evtlen 08
"EVT_VENDOR"
ecode 0004
ISR @6486 11
evt ff evtlen 08
"EVT_VENDOR"
ecode 0004
ISR @6499 11
evt ff evtlen 08
"EVT_VENDOR"
ecode 0004
ISR @6512 11
evt ff evtlen 08
"EVT_VENDOR"
ecode 0004
ISR @6525 11
evt ff evtlen 08
"EVT_VENDOR"
ecode 0004
ISR @6538 11
evt ff evtlen 08
"EVT_VENDOR"
ecode 0004
ISR @6551 11
evt ff evtlen 08
"EVT_VENDOR"
ecode 0004
ISR @6564 11
evt ff evtlen 08
"EVT_VENDOR"
ecode 0004
ISR @6577 11
evt ff evtlen 08
"EVT_VENDOR"
ecode 0004
ISR @6590 11
evt ff evtlen 08
"EVT_VENDOR"
ecode 0004
ISR @6603 11
evt ff evtlen 08
"EVT_VENDOR"
ecode 0004
ISR @6616 11
evt ff evtlen 08
"EVT_VENDOR"
ecode 0004
ISR @6629 11
evt ff evtlen 08
"EVT_VENDOR"
ecode 0004
ISR @6642 11
evt ff evtlen 08
"EVT_VENDOR"
ecode 0004
ISR @6655 11
evt ff evtlen 08
"EVT_VENDOR"
ecode 0004
ISR @6668 11
evt ff evtlen 08
"EVT_VENDOR"
ecode 0004
ISR @6681 11
evt ff evtlen 08
"EVT_VENDOR"
ecode 0004
ISR @6694 11
evt ff evtlen 08
"EVT_VENDOR"
ecode 0004
ISR @6707 11
evt ff evtlen 08
"EVT_VENDOR"
ecode 0004
ISR @6720 11
evt ff evtlen 08
"EVT_VENDOR"
ecode 0004
ISR @6733 11
evt ff evtlen 08
"EVT_VENDOR"
ecode 0004
ISR @6746 11
evt ff evtlen 08
"EVT_VENDOR"
ecode 0004
ISR @6759 11
evt ff evtlen 08
"EVT_VENDOR"
ecode 0004
ISR @6772 11
evt ff evtlen 08
"EVT_VENDOR"
ecode 0004
ISR @6785 12
evt ff evtlen 09
"EVT_VENDOR"
ecode 0c0f
ISR @6799 11
evt ff evtlen 08
"EVT_VENDOR"
ecode 0004
ISR @6812 11
evt ff evtlen 08
"EVT_VENDOR"
ecode 0004
ISR @6825 11
evt ff evtlen 08
"EVT_VENDOR"
ecode 0004
ISR @6838 11
evt ff evtlen 08
"EVT_VENDOR"
ecode 0004
ISR @6851 11
evt ff evtlen 08
"EVT_VENDOR"
ecode 0004
ISR @6864 11
evt ff evtlen 08
"EVT_VENDOR"
ecode 0004
ISR @6877 11
evt ff evtlen 08
"EVT_VENDOR"
ecode 0004
ISR @6890 11
evt ff evtlen 08
"EVT_VENDOR"
ecode 0004
ISR @6903 11
evt ff evtlen 08
"EVT_VENDOR"
ecode 0004
ISR @6916 11
evt ff evtlen 08
"EVT_VENDOR"
ecode 0004
ISR @6929 11
evt ff evtlen 08
"EVT_VENDOR"
ecode 0004
ISR @6942 11
evt ff evtlen 08
"EVT_VENDOR"
ecode 0004
ISR @6955 11
evt ff evtlen 08
"EVT_VENDOR"
ecode 0004
ISR @6968 11
evt ff evtlen 08
"EVT_VENDOR"
ecode 0004
ISR @6981 11
evt ff evtlen 08
"EVT_VENDOR"
ecode 0004
ISR @6994 11
evt ff evtlen 08
"EVT_VENDOR"
ecode 0004
ISR @7007 11
evt ff evtlen 08
"EVT_VENDOR"
ecode 0004
ISR @7020 11
evt ff evtlen 08
"EVT_VENDOR"
ecode 0004
ISR @7033 11
evt ff evtlen 08
"EVT_VENDOR"
ecode 0004
ISR @7046 11
evt ff evtlen 08
"EVT_VENDOR"
ecode 0004
ISR @7059 11
evt ff evtlen 08
"EVT_VENDOR"
ecode 0004
ISR @7072 11
evt ff evtlen 08
"EVT_VENDOR"
ecode 0004
ISR @7085 11
evt ff evtlen 08
"EVT_VENDOR"
ecode 0004
ISR @7098 11
evt ff evtlen 08
"EVT_VENDOR"
ecode 0004
ISR @7111 11
evt ff evtlen 08
"EVT_VENDOR"
ecode 0004
ISR @7124 11
evt ff evtlen 08
"EVT_VENDOR"
ecode 0004
ISR @7137 11
evt ff evtlen 08
"EVT_VENDOR"
ecode 0004
ISR @7150 11
evt ff evtlen 08
"EVT_VENDOR"
ecode 0004
ISR @7163 11
evt ff evtlen 08
"EVT_VENDOR"
ecode 0004
ISR @7176 11
evt ff evtlen 08
"EVT_VENDOR"
ecode 0004
ISR @7189 11
evt ff evtlen 08
"EVT_VENDOR"
ecode 0004
ISR @7202 11
evt ff evtlen 08
"EVT_VENDOR"
ecode 0004
ISR @7215 11
evt ff evtlen 08
"EVT_VENDOR"
ecode 0004
ISR @7228 11
evt ff evtlen 08
"EVT_VENDOR"
ecode 0004
ISR @7241 11
evt ff evtlen 08
"EVT_VENDOR"
ecode 0004
ISR @7254 11
evt ff evtlen 08
"EVT_VENDOR"
ecode 0004
ISR @7267 11
evt ff evtlen 08
"EVT_VENDOR"
ecode 0004
ISR @7280 11
evt ff evtlen 08
"EVT_VENDOR"
ecode 0004
ISR @7293 11
evt ff evtlen 08
"EVT_VENDOR"
ecode 0004
ISR @7306 11
evt ff evtlen 08
"EVT_VENDOR"
ecode 0004
ISR @7319 11
evt ff evtlen 08
"EVT_VENDOR"
ecode 0004
ISR @7332 11
evt ff evtlen 08
"EVT_VENDOR"
ecode 0004
ISR @7345 11
evt ff evtlen 08
"EVT_VENDOR"
ecode 0004
ISR @7358 11
evt ff evtlen 08
"EVT_VENDOR"
ecode 0004
ISR @7371 11
evt ff evtlen 08
"EVT_VENDOR"
ecode 0004
ISR @7384 11
evt ff evtlen 08
"EVT_VENDOR"
ecode 0004
ISR @7397 11
evt ff evtlen 08
"EVT_VENDOR"
ecode 0004
ISR @7410 11
evt ff evtlen 08
"EVT_VENDOR"
ecode 0004
ISR @7423 11
evt ff evtlen 08
"EVT_VENDOR"
ecode 0004
ISR @7436 11
evt ff evtlen 08
"EVT_VENDOR"
ecode 0004
ISR @7449 18
evt ff evtlen 0f
"EVT_VENDOR"
ecode 0802
conn_handle 0801
len 01
id 08
l2cap len 2000
interval min 2003
interval max 0003
slave_latency f400
timeout_mult bb01
ISR @7469 11
evt ff evtlen 08
"EVT_VENDOR"
ecode 0004
SENDCMD @7482 4 2 ogf 3f ocf 18 OGF_VENDOR_CMD OCF_HAL_SET_RADIO_ACTIVITY_MASK plen 2
ISR @7491 7
evt 0e evtlen 04
"EVT_CMD_COMPLETE_CODE"
[3f,018]
status 00
SENDCMD @7500 4 16 ogf 3f ocf 182 OGF_VENDOR_CMD OCF_L2CAP_CONN_PARAM_UPDATE_RESP plen 16
ISR @7523 7
evt 0e evtlen 04
"EVT_CMD_COMPLETE_CODE"
[3f,182]
status 00
SENDCMD @7532 4 2 ogf 3f ocf 18 OGF_VENDOR_CMD OCF_HAL_SET_RADIO_ACTIVITY_MASK plen 2
ISR @7541 7
evt 0e evtlen 04
"EVT_CMD_COMPLETE_CODE"
[3f,018]
status 00
ISR @7550 11
evt ff evtlen 08
"EVT_VENDOR"
ecode 0004
ISR @7563 11
evt ff evtlen 08
"EVT_VENDOR"
ecode 0004
ISR @7576 11
evt ff evtlen 08
"EVT_VENDOR"
ecode 0004
ISR @7589 11
evt ff evtlen 08
"EVT_VENDOR"
ecode 0004
ISR @7602 11
evt ff evtlen 08
"EVT_VENDOR"
ecode 0004
ISR @7615 11
evt ff evtlen 08
"EVT_VENDOR"
ecode 0004
ISR @7628 11
evt ff evtlen 08
"EVT_VENDOR"
ecode 0004
ISR @7641 11
evt ff evtlen 08
"EVT_VENDOR"
ecode 0004
ISR @7654 13
evt 3e evtlen 0a
"EVT_LE_META_EVENT"
subevent 0a
ISR @7669 11
evt ff evtlen 08
"EVT_VENDOR"
ecode 0004
ISR @7682 11
evt ff evtlen 08
"EVT_VENDOR"
ecode 0004
ISR @7695 11
evt ff evtlen 08
"EVT_VENDOR"
ecode 0004
ISR @7708 11
evt ff evtlen 08
"EVT_VENDOR"
ecode 0004
"Lost"
