bb 00000
06 00001
04 00002
ff 00003
03 00004
01 00005
00 00006
01 00007
aa 00008
04 00009
00 00010
01 00011
01 00012
10 00013
00 00014
bb 00015
0f 00016
04 00017
0e 00018
0c 00019
01 00020
01 00021
10 00022
00 00023
07 00024
07 00025
31 00026
07 00027
30 00028
00 00029
23 00030
00 00031
bb 00032
06 00033
04 00034
ff 00035
03 00036
01 00037
00 00038
01 00039
aa 00040
04 00041
08 00042
01 00043
0c 00044
fc 00045
08 00046
00 00047
06 00048
30 00049
1a 00050
ed 00051
fe 00052
ce 00053
fa 00054
bb 00055
07 00056
04 00057
0e 00058
04 00059
01 00060
0c 00061
fc 00062
00 00063
aa 00064
04 00065
00 00066
01 00067
01 00068
fd 00069
00 00070
bb 00071
07 00072
04 00073
0e 00074
04 00075
01 00076
01 00077
fd 00078
00 00079
aa 00080
04 00081
03 00082
01 00083
8a 00084
fc 00085
03 00086
04 00087
00 00088
07 00089
bb 00090
0d 00091
04 00092
0e 00093
0a 00094
01 00095
8a 00096
fc 00097
00 00098
05 00099
00 00100
06 00101
00 00102
08 00103
00 00104
aa 00105
04 00106
06 00107
01 00108
05 00109
20 00110
06 00111
30 00112
1a 00113
ed 00114
fe 00115
ce 00116
fa 00117
bb 00118
07 00119
04 00120
0e 00121
04 00122
01 00123
05 00124
20 00125
00 00126
aa 00127
04 00128
0d 00129
01 00130
06 00131
fd 00132
0d 00133
05 00134
00 00135
06 00136
00 00137
00 00138
07 00139
4d 00140
6b 00141
41 00142
64 00143
61 00144
20 00145
43 00146
bb 00147
07 00148
04 00149
0e 00150
04 00151
01 00152
06 00153
fd 00154
00 00155
aa 00156
04 00157
1a 00158
01 00159
86 00160
fc 00161
1a 00162
01 00163
00 00164
00 00165
00 00166
00 00167
00 00168
00 00169
00 00170
00 00171
00 00172
00 00173
00 00174
00 00175
00 00176
00 00177
00 00178
00 00179
00 00180
07 00181
10 00182
00 00183
40 00184
e2 00185
01 00186
00 00187
01 00188
bb 00189
07 00190
04 00191
0e 00192
04 00193
01 00194
86 00195
fc 00196
00 00197
aa 00198
04 00199
02 00200
01 00201
0f 00202
fc 00203
02 00204
01 00205
04 00206
bb 00207
07 00208
04 00209
0e 00210
04 00211
01 00212
0f 00213
fc 00214
00 00215
aa 00216
04 00217
06 00218
01 00219
97 00220
fc 00221
06 00222
00 00223
40 00224
00 00225
40 00226
00 00227
01 00228
bb 00229
07 00230
04 00231
0f 00232
04 00233
00 00234
01 00235
97 00236
fc 00237
bb 00238
1c 00239
04 00240
3e 00241
19 00242
02 00243
01 00244
00 00245
01 00246
40 00247
e5 00248
bc 00249
3c 00250
e2 00251
6b 00252
0d 00253
02 00254
01 00255
02 00256
03 00257
03 00258
50 00259
fe 00260
05 00261
16 00262
50 00263
fe 00264
78 00265
45 00266
b7 00267
bb 00268
0f 00269
04 00270
3e 00271
0c 00272
02 00273
01 00274
04 00275
01 00276
40 00277
e5 00278
bc 00279
3c 00280
e2 00281
6b 00282
00 00283
b7 00284
bb 00285
19 00286
04 00287
3e 00288
16 00289
02 00290
01 00291
04 00292
01 00293
2c 00294
90 00295
fd 00296
c4 00297
84 00298
45 00299
0a 00300
09 00301
ff 00302
e0 00303
00 00304
01 00305
39 00306
ca 00307
8b 00308
19 00309
7b 00310
a8 00311
bb 00312
19 00313
04 00314
3e 00315
16 00316
02 00317
01 00318
04 00319
01 00320
d7 00321
9c 00322
49 00323
64 00324
5e 00325
6b 00326
0a 00327
09 00328
ff 00329
e0 00330
00 00331
01 00332
37 00333
ca 00334
86 00335
ca 00336
68 00337
d5 00338
bb 00339
1c 00340
04 00341
3e 00342
19 00343
02 00344
01 00345
00 00346
01 00347
40 00348
e5 00349
bc 00350
3c 00351
e2 00352
6b 00353
0d 00354
02 00355
01 00356
02 00357
03 00358
03 00359
50 00360
fe 00361
05 00362
16 00363
50 00364
fe 00365
78 00366
45 00367
b3 00368
bb 00369
19 00370
04 00371
3e 00372
16 00373
02 00374
01 00375
04 00376
01 00377
f1 00378
09 00379
22 00380
9e 00381
22 00382
5b 00383
0a 00384
09 00385
ff 00386
e0 00387
00 00388
01 00389
47 00390
ca 00391
91 00392
17 00393
73 00394
b4 00395
bb 00396
2e 00397
04 00398
3e 00399
2b 00400
02 00401
01 00402
00 00403
01 00404
a3 00405
c8 00406
70 00407
e4 00408
02 00409
ce 00410
1f 00411
02 00412
01 00413
06 00414
11 00415
06 00416
42 00417
ae 00418
20 00419
c0 00420
09 00421
5c 00422
f8 00423
a1 00424
e8 00425
48 00426
d4 00427
31 00428
01 00429
01 00430
12 00431
af 00432
09 00433
09 00434
4c 00435
55 00436
4d 00437
4f 00438
2a 00439
00 00440
0e 00441
01 00442
b5 00443
bb 00444
19 00445
04 00446
3e 00447
16 00448
02 00449
01 00450
04 00451
01 00452
b0 00453
46 00454
9c 00455
b0 00456
b5 00457
66 00458
0a 00459
09 00460
ff 00461
e0 00462
00 00463
01 00464
16 00465
ca 00466
61 00467
5a 00468
44 00469
a8 00470
bb 00471
1c 00472
04 00473
3e 00474
19 00475
02 00476
01 00477
00 00478
01 00479
40 00480
e5 00481
bc 00482
3c 00483
e2 00484
6b 00485
0d 00486
02 00487
01 00488
02 00489
03 00490
03 00491
50 00492
fe 00493
05 00494
16 00495
50 00496
fe 00497
78 00498
45 00499
b1 00500
bb 00501
0f 00502
04 00503
3e 00504
0c 00505
02 00506
01 00507
04 00508
01 00509
40 00510
e5 00511
bc 00512
3c 00513
e2 00514
6b 00515
00 00516
b1 00517
bb 00518
2e 00519
04 00520
3e 00521
2b 00522
02 00523
01 00524
00 00525
01 00526
a3 00527
c8 00528
70 00529
e4 00530
02 00531
ce 00532
1f 00533
02 00534
01 00535
06 00536
11 00537
06 00538
42 00539
ae 00540
20 00541
c0 00542
09 00543
5c 00544
f8 00545
a1 00546
e8 00547
48 00548
d4 00549
31 00550
01 00551
01 00552
12 00553
af 00554
09 00555
09 00556
4c 00557
55 00558
4d 00559
4f 00560
2a 00561
00 00562
0e 00563
01 00564
b6 00565
bb 00566
1c 00567
04 00568
3e 00569
19 00570
02 00571
01 00572
00 00573
01 00574
40 00575
e5 00576
bc 00577
3c 00578
e2 00579
6b 00580
0d 00581
02 00582
01 00583
02 00584
03 00585
03 00586
50 00587
fe 00588
05 00589
16 00590
50 00591
fe 00592
78 00593
45 00594
aa 00595
bb 00596
1c 00597
04 00598
3e 00599
19 00600
02 00601
01 00602
00 00603
01 00604
40 00605
e5 00606
bc 00607
3c 00608
e2 00609
6b 00610
0d 00611
02 00612
01 00613
02 00614
03 00615
03 00616
50 00617
fe 00618
05 00619
16 00620
50 00621
fe 00622
78 00623
45 00624
b1 00625
bb 00626
2e 00627
04 00628
3e 00629
2b 00630
02 00631
01 00632
00 00633
01 00634
a3 00635
c8 00636
70 00637
e4 00638
02 00639
ce 00640
1f 00641
02 00642
01 00643
06 00644
11 00645
06 00646
42 00647
ae 00648
20 00649
c0 00650
09 00651
5c 00652
f8 00653
a1 00654
e8 00655
48 00656
d4 00657
31 00658
01 00659
01 00660
12 00661
af 00662
09 00663
09 00664
4c 00665
55 00666
4d 00667
4f 00668
2a 00669
00 00670
0e 00671
01 00672
b6 00673
bb 00674
0f 00675
04 00676
3e 00677
0c 00678
02 00679
01 00680
04 00681
01 00682
a3 00683
c8 00684
70 00685
e4 00686
02 00687
ce 00688
00 00689
b6 00690
bb 00691
19 00692
04 00693
3e 00694
16 00695
02 00696
01 00697
04 00698
01 00699
d7 00700
9c 00701
49 00702
64 00703
5e 00704
6b 00705
0a 00706
09 00707
ff 00708
e0 00709
00 00710
01 00711
37 00712
ca 00713
86 00714
ca 00715
68 00716
d5 00717
bb 00718
1c 00719
04 00720
3e 00721
19 00722
02 00723
01 00724
00 00725
01 00726
40 00727
e5 00728
bc 00729
3c 00730
e2 00731
6b 00732
0d 00733
02 00734
01 00735
02 00736
03 00737
03 00738
50 00739
fe 00740
05 00741
16 00742
50 00743
fe 00744
78 00745
45 00746
b4 00747
bb 00748
2e 00749
04 00750
3e 00751
2b 00752
02 00753
01 00754
00 00755
01 00756
a3 00757
c8 00758
70 00759
e4 00760
02 00761
ce 00762
1f 00763
02 00764
01 00765
06 00766
11 00767
06 00768
42 00769
ae 00770
20 00771
c0 00772
09 00773
5c 00774
f8 00775
a1 00776
e8 00777
48 00778
d4 00779
31 00780
01 00781
01 00782
12 00783
af 00784
09 00785
09 00786
4c 00787
55 00788
4d 00789
4f 00790
2a 00791
00 00792
0e 00793
01 00794
b5 00795
bb 00796
1c 00797
04 00798
3e 00799
19 00800
02 00801
01 00802
00 00803
01 00804
40 00805
e5 00806
bc 00807
3c 00808
e2 00809
6b 00810
0d 00811
02 00812
01 00813
02 00814
03 00815
03 00816
50 00817
fe 00818
05 00819
16 00820
50 00821
fe 00822
78 00823
45 00824
b1 00825
bb 00826
19 00827
04 00828
3e 00829
16 00830
02 00831
01 00832
04 00833
01 00834
f1 00835
09 00836
22 00837
9e 00838
22 00839
5b 00840
0a 00841
09 00842
ff 00843
e0 00844
00 00845
01 00846
47 00847
ca 00848
91 00849
17 00850
73 00851
b1 00852
bb 00853
2e 00854
04 00855
3e 00856
2b 00857
02 00858
01 00859
00 00860
01 00861
a3 00862
c8 00863
70 00864
e4 00865
02 00866
ce 00867
1f 00868
02 00869
01 00870
06 00871
11 00872
06 00873
42 00874
ae 00875
20 00876
c0 00877
09 00878
5c 00879
f8 00880
a1 00881
e8 00882
48 00883
d4 00884
31 00885
01 00886
01 00887
12 00888
af 00889
09 00890
09 00891
4c 00892
55 00893
4d 00894
4f 00895
2a 00896
00 00897
0e 00898
01 00899
b6 00900
bb 00901
1c 00902
04 00903
3e 00904
19 00905
02 00906
01 00907
00 00908
01 00909
40 00910
e5 00911
bc 00912
3c 00913
e2 00914
6b 00915
0d 00916
02 00917
01 00918
02 00919
03 00920
03 00921
50 00922
fe 00923
05 00924
16 00925
50 00926
fe 00927
78 00928
45 00929
a7 00930
bb 00931
2e 00932
04 00933
3e 00934
2b 00935
02 00936
01 00937
00 00938
01 00939
a3 00940
c8 00941
70 00942
e4 00943
02 00944
ce 00945
1f 00946
02 00947
01 00948
06 00949
11 00950
06 00951
42 00952
ae 00953
20 00954
c0 00955
09 00956
5c 00957
f8 00958
a1 00959
e8 00960
48 00961
d4 00962
31 00963
01 00964
01 00965
12 00966
af 00967
09 00968
09 00969
4c 00970
55 00971
4d 00972
4f 00973
2a 00974
00 00975
0e 00976
01 00977
b5 00978
bb 00979
1c 00980
04 00981
3e 00982
19 00983
02 00984
01 00985
00 00986
01 00987
40 00988
e5 00989
bc 00990
3c 00991
e2 00992
6b 00993
0d 00994
02 00995
01 00996
02 00997
03 00998
03 00999
50 01000
fe 01001
05 01002
16 01003
50 01004
fe 01005
78 01006
45 01007
b0 01008
bb 01009
1c 01010
04 01011
3e 01012
19 01013
02 01014
01 01015
00 01016
01 01017
40 01018
e5 01019
bc 01020
3c 01021
e2 01022
6b 01023
0d 01024
02 01025
01 01026
02 01027
03 01028
03 01029
50 01030
fe 01031
05 01032
16 01033
50 01034
fe 01035
78 01036
45 01037
b1 01038
bb 01039
2e 01040
04 01041
3e 01042
2b 01043
02 01044
01 01045
00 01046
01 01047
a3 01048
c8 01049
70 01050
e4 01051
02 01052
ce 01053
1f 01054
02 01055
01 01056
06 01057
11 01058
06 01059
42 01060
ae 01061
20 01062
c0 01063
09 01064
5c 01065
f8 01066
a1 01067
e8 01068
48 01069
d4 01070
31 01071
01 01072
01 01073
12 01074
af 01075
09 01076
09 01077
4c 01078
55 01079
4d 01080
4f 01081
2a 01082
00 01083
0e 01084
01 01085
b4 01086
bb 01087
1c 01088
04 01089
3e 01090
19 01091
02 01092
01 01093
00 01094
01 01095
40 01096
e5 01097
bc 01098
3c 01099
e2 01100
6b 01101
0d 01102
02 01103
01 01104
02 01105
03 01106
03 01107
50 01108
fe 01109
05 01110
16 01111
50 01112
fe 01113
78 01114
45 01115
b1 01116
bb 01117
19 01118
04 01119
3e 01120
16 01121
02 01122
01 01123
04 01124
01 01125
b0 01126
46 01127
9c 01128
b0 01129
b5 01130
66 01131
0a 01132
09 01133
ff 01134
e0 01135
00 01136
01 01137
16 01138
ca 01139
61 01140
5a 01141
44 01142
b5 01143
bb 01144
1c 01145
04 01146
3e 01147
19 01148
02 01149
01 01150
00 01151
01 01152
40 01153
e5 01154
bc 01155
3c 01156
e2 01157
6b 01158
0d 01159
02 01160
01 01161
02 01162
03 01163
03 01164
50 01165
fe 01166
05 01167
16 01168
50 01169
fe 01170
78 01171
45 01172
b0 01173
bb 01174
0f 01175
04 01176
3e 01177
0c 01178
02 01179
01 01180
04 01181
01 01182
40 01183
e5 01184
bc 01185
3c 01186
e2 01187
6b 01188
00 01189
b0 01190
bb 01191
2e 01192
04 01193
3e 01194
2b 01195
02 01196
01 01197
00 01198
01 01199
a3 01200
c8 01201
70 01202
e4 01203
02 01204
ce 01205
1f 01206
02 01207
01 01208
06 01209
11 01210
06 01211
42 01212
ae 01213
20 01214
c0 01215
09 01216
5c 01217
f8 01218
a1 01219
e8 01220
48 01221
d4 01222
31 01223
01 01224
01 01225
12 01226
af 01227
09 01228
09 01229
4c 01230
55 01231
4d 01232
4f 01233
2a 01234
00 01235
0e 01236
01 01237
b4 01238
bb 01239
1c 01240
04 01241
3e 01242
19 01243
02 01244
01 01245
00 01246
01 01247
40 01248
e5 01249
bc 01250
3c 01251
e2 01252
6b 01253
0d 01254
02 01255
01 01256
02 01257
03 01258
03 01259
50 01260
fe 01261
05 01262
16 01263
50 01264
fe 01265
78 01266
45 01267
b0 01268
bb 01269
2e 01270
04 01271
3e 01272
2b 01273
02 01274
01 01275
00 01276
01 01277
a3 01278
c8 01279
70 01280
e4 01281
02 01282
ce 01283
1f 01284
02 01285
01 01286
06 01287
11 01288
06 01289
42 01290
ae 01291
20 01292
c0 01293
09 01294
5c 01295
f8 01296
a1 01297
e8 01298
48 01299
d4 01300
31 01301
01 01302
01 01303
12 01304
af 01305
09 01306
09 01307
4c 01308
55 01309
4d 01310
4f 01311
2a 01312
00 01313
0e 01314
01 01315
b4 01316
bb 01317
0f 01318
04 01319
3e 01320
0c 01321
02 01322
01 01323
04 01324
01 01325
a3 01326
c8 01327
70 01328
e4 01329
02 01330
ce 01331
00 01332
b4 01333
bb 01334
19 01335
04 01336
3e 01337
16 01338
02 01339
01 01340
04 01341
01 01342
d7 01343
9c 01344
49 01345
64 01346
5e 01347
6b 01348
0a 01349
09 01350
ff 01351
e0 01352
00 01353
01 01354
37 01355
ca 01356
86 01357
ca 01358
68 01359
d6 01360
bb 01361
19 01362
04 01363
3e 01364
16 01365
02 01366
01 01367
04 01368
01 01369
f1 01370
09 01371
22 01372
9e 01373
22 01374
5b 01375
0a 01376
09 01377
ff 01378
e0 01379
00 01380
01 01381
47 01382
ca 01383
91 01384
17 01385
73 01386
b1 01387
bb 01388
1c 01389
04 01390
3e 01391
19 01392
02 01393
01 01394
00 01395
01 01396
40 01397
e5 01398
bc 01399
3c 01400
e2 01401
6b 01402
0d 01403
02 01404
01 01405
02 01406
03 01407
03 01408
50 01409
fe 01410
05 01411
16 01412
50 01413
fe 01414
78 01415
45 01416
b0 01417
bb 01418
1c 01419
04 01420
3e 01421
19 01422
02 01423
01 01424
00 01425
01 01426
40 01427
e5 01428
bc 01429
3c 01430
e2 01431
6b 01432
0d 01433
02 01434
01 01435
02 01436
03 01437
03 01438
50 01439
fe 01440
05 01441
16 01442
50 01443
fe 01444
78 01445
45 01446
b1 01447
bb 01448
2e 01449
04 01450
3e 01451
2b 01452
02 01453
01 01454
00 01455
01 01456
a3 01457
c8 01458
70 01459
e4 01460
02 01461
ce 01462
1f 01463
02 01464
01 01465
06 01466
11 01467
06 01468
42 01469
ae 01470
20 01471
c0 01472
09 01473
5c 01474
f8 01475
a1 01476
e8 01477
48 01478
d4 01479
31 01480
01 01481
01 01482
12 01483
af 01484
09 01485
09 01486
4c 01487
55 01488
4d 01489
4f 01490
2a 01491
00 01492
0e 01493
01 01494
b4 01495
bb 01496
1c 01497
04 01498
3e 01499
19 01500
02 01501
01 01502
00 01503
01 01504
40 01505
e5 01506
bc 01507
3c 01508
e2 01509
6b 01510
0d 01511
02 01512
01 01513
02 01514
03 01515
03 01516
50 01517
fe 01518
05 01519
16 01520
50 01521
fe 01522
78 01523
45 01524
b1 01525
bb 01526
2e 01527
04 01528
3e 01529
2b 01530
02 01531
01 01532
00 01533
01 01534
a3 01535
c8 01536
70 01537
e4 01538
02 01539
ce 01540
1f 01541
02 01542
01 01543
06 01544
11 01545
06 01546
42 01547
ae 01548
20 01549
c0 01550
09 01551
5c 01552
f8 01553
a1 01554
e8 01555
48 01556
d4 01557
31 01558
01 01559
01 01560
12 01561
af 01562
09 01563
09 01564
4c 01565
55 01566
4d 01567
4f 01568
2a 01569
00 01570
0e 01571
01 01572
b4 01573
bb 01574
1c 01575
04 01576
3e 01577
19 01578
02 01579
01 01580
00 01581
01 01582
40 01583
e5 01584
bc 01585
3c 01586
e2 01587
6b 01588
0d 01589
02 01590
01 01591
02 01592
03 01593
03 01594
50 01595
fe 01596
05 01597
16 01598
50 01599
fe 01600
78 01601
45 01602
b0 01603
bb 01604
1c 01605
04 01606
3e 01607
19 01608
02 01609
01 01610
00 01611
01 01612
40 01613
e5 01614
bc 01615
3c 01616
e2 01617
6b 01618
0d 01619
02 01620
01 01621
02 01622
03 01623
03 01624
50 01625
fe 01626
05 01627
16 01628
50 01629
fe 01630
78 01631
45 01632
b0 01633
bb 01634
2e 01635
04 01636
3e 01637
2b 01638
02 01639
01 01640
00 01641
01 01642
a3 01643
c8 01644
70 01645
e4 01646
02 01647
ce 01648
1f 01649
02 01650
01 01651
06 01652
11 01653
06 01654
42 01655
ae 01656
20 01657
c0 01658
09 01659
5c 01660
f8 01661
a1 01662
e8 01663
48 01664
d4 01665
31 01666
01 01667
01 01668
12 01669
af 01670
09 01671
09 01672
4c 01673
55 01674
4d 01675
4f 01676
2a 01677
00 01678
0e 01679
01 01680
b4 01681
bb 01682
2c 01683
04 01684
3e 01685
29 01686
02 01687
01 01688
00 01689
00 01690
46 01691
2c 01692
ed 01693
fe 01694
ce 01695
fa 01696
1d 01697
02 01698
0a 01699
00 01700
08 01701
09 01702
4d 01703
6b 01704
41 01705
64 01706
61 01707
20 01708
53 01709
0d 01710
ff 01711
01 01712
02 01713
00 01714
ff 01715
00 01716
00 01717
fa 01718
ce 01719
fe 01720
ed 01721
2c 01722
46 01723
02 01724
01 01725
06 01726
b9 01727
bb 01728
0f 01729
04 01730
3e 01731
0c 01732
02 01733
01 01734
04 01735
00 01736
46 01737
2c 01738
ed 01739
fe 01740
ce 01741
fa 01742
00 01743
b9 01744
aa 01745
04 01746
01 01747
01 01748
9d 01749
fc 01750
01 01751
02 01752
bb 01753
07 01754
04 01755
ff 01756
04 01757
07 01758
04 01759
02 01760
00 01761
bb 01762
07 01763
04 01764
0e 01765
04 01766
01 01767
9d 01768
fc 01769
00 01770
aa 01771
04 01772
18 01773
01 01774
9c 01775
fc 01776
18 01777
00 01778
40 01779
00 01780
40 01781
00 01782
46 01783
2c 01784
ed 01785
fe 01786
ce 01787
fa 01788
00 01789
28 01790
00 01791
28 01792
00 01793
00 01794
00 01795
3c 01796
00 01797
d0 01798
07 01799
d0 01800
07 01801
bb 01802
07 01803
04 01804
0f 01805
04 01806
00 01807
01 01808
9c 01809
fc 01810
bb 01811
07 01812
04 01813
ff 01814
04 01815
07 01816
04 01817
40 01818
00 01819
bb 01820
16 01821
04 01822
3e 01823
13 01824
01 01825
00 01826
01 01827
08 01828
00 01829
00 01830
46 01831
2c 01832
ed 01833
fe 01834
ce 01835
fa 01836
28 01837
00 01838
00 01839
00 01840
3c 01841
00 01842
00 01843
bb 01844
13 01845
04 01846
ff 01847
10 01848
02 01849
08 01850
01 01851
08 01852
0b 01853
01 01854
08 01855
00 01856
08 01857
00 01858
11 01859
00 01860
00 01861
00 01862
90 01863
01 01864
aa 01865
04 01866
10 01867
01 01868
82 01869
fd 01870
10 01871
01 01872
08 01873
08 01874
00 01875
11 01876
00 01877
00 01878
00 01879
90 01880
01 01881
00 01882
00 01883
ff 01884
ff 01885
01 01886
01 01887
bb 01888
07 01889
04 01890
0e 01891
04 01892
01 01893
82 01894
fd 01895
00 01896
aa 01897
04 01898
17 01899
01 01900
16 01901
fd 01902
17 01903
01 01904
08 01905
01 01906
00 01907
ff 01908
ff 01909
02 01910
00 01911
e0 01912
00 01913
00 01914
00 01915
01 01916
11 01917
e1 01918
ac 01919
36 01920
00 01921
02 01922
a5 01923
d5 01924
c5 01925
1b 01926
bb 01927
07 01928
04 01929
0f 01930
04 01931
00 01932
01 01933
16 01934
fd 01935
aa 01936
04 01937
07 01938
01 01939
21 01940
fd 01941
07 01942
01 01943
08 01944
12 01945
00 01946
02 01947
01 01948
00 01949
bb 01950
07 01951
04 01952
0f 01953
04 01954
46 01955
01 01956
21 01957
fd 01958
aa 01959
04 01960
07 01961
01 01962
21 01963
fd 01964
07 01965
01 01966
08 01967
12 01968
00 01969
02 01970
01 01971
00 01972
bb 01973
07 01974
04 01975
0f 01976
04 01977
46 01978
01 01979
21 01980
fd 01981
aa 01982
04 01983
07 01984
01 01985
21 01986
fd 01987
07 01988
01 01989
08 01990
12 01991
00 01992
02 01993
01 01994
00 01995
bb 01996
07 01997
04 01998
0f 01999
04 02000
46 02001
01 02002
21 02003
fd 02004
aa 02005
04 02006
07 02007
01 02008
21 02009
fd 02010
07 02011
01 02012
08 02013
12 02014
00 02015
02 02016
01 02017
00 02018
bb 02019
07 02020
04 02021
0f 02022
04 02023
46 02024
01 02025
21 02026
fd 02027
bb 02028
0d 02029
04 02030
3e 02031
0a 02032
03 02033
00 02034
01 02035
08 02036
0c 02037
00 02038
00 02039
00 02040
90 02041
01 02042
aa 02043
04 02044
07 02045
01 02046
21 02047
fd 02048
07 02049
01 02050
08 02051
12 02052
00 02053
02 02054
01 02055
00 02056
bb 02057
07 02058
04 02059
0f 02060
04 02061
46 02062
01 02063
21 02064
fd 02065
aa 02066
04 02067
07 02068
01 02069
21 02070
fd 02071
07 02072
01 02073
08 02074
12 02075
00 02076
02 02077
01 02078
00 02079
bb 02080
07 02081
04 02082
0f 02083
04 02084
46 02085
01 02086
21 02087
fd 02088
aa 02089
04 02090
07 02091
01 02092
21 02093
fd 02094
07 02095
01 02096
08 02097
12 02098
00 02099
02 02100
01 02101
00 02102
bb 02103
07 02104
04 02105
0f 02106
04 02107
46 02108
01 02109
21 02110
fd 02111
aa 02112
04 02113
07 02114
01 02115
21 02116
fd 02117
07 02118
01 02119
08 02120
12 02121
00 02122
02 02123
01 02124
00 02125
bb 02126
07 02127
04 02128
0f 02129
04 02130
46 02131
01 02132
21 02133
fd 02134
aa 02135
04 02136
07 02137
01 02138
21 02139
fd 02140
07 02141
01 02142
08 02143
12 02144
00 02145
02 02146
01 02147
00 02148
bb 02149
07 02150
04 02151
0f 02152
04 02153
46 02154
01 02155
21 02156
fd 02157
aa 02158
04 02159
07 02160
01 02161
21 02162
fd 02163
07 02164
01 02165
08 02166
12 02167
00 02168
02 02169
01 02170
00 02171
bb 02172
07 02173
04 02174
0f 02175
04 02176
46 02177
01 02178
21 02179
fd 02180
bb 02181
0c 02182
04 02183
ff 02184
09 02185
11 02186
0c 02187
01 02188
08 02189
04 02190
08 02191
3d 02192
00 02193
0a 02194
bb 02195
09 02196
04 02197
ff 02198
06 02199
10 02200
0c 02201
01 02202
08 02203
01 02204
00 02205
aa 02206
04 02207
07 02208
01 02209
21 02210
fd 02211
07 02212
01 02213
08 02214
12 02215
00 02216
02 02217
01 02218
00 02219
bb 02220
07 02221
04 02222
0f 02223
04 02224
00 02225
01 02226
21 02227
fd 02228
bb 02229
09 02230
04 02231
ff 02232
06 02233
10 02234
0c 02235
01 02236
08 02237
01 02238
00 02239
bb 02240
1e 02241
04 02242
ff 02243
1b 02244
0f 02245
0c 02246
01 02247
08 02248
16 02249
11 02250
00 02251
a2 02252
02 02253
ec 02254
ff 02255
15 02256
00 02257
09 02258
04 02259
f8 02260
ff 02261
d9 02262
ff 02263
f6 02264
ff 02265
08 02266
00 02267
fb 02268
ff 02269
f2 02270
ff 02271
bb 02272
1e 02273
04 02274
ff 02275
1b 02276
0f 02277
0c 02278
01 02279
08 02280
16 02281
11 02282
00 02283
a9 02284
02 02285
eb 02286
ff 02287
15 02288
00 02289
0a 02290
04 02291
07 02292
00 02293
ed 02294
ff 02295
f7 02296
ff 02297
02 02298
00 02299
f8 02300
ff 02301
fb 02302
ff 02303
bb 02304
1e 02305
04 02306
ff 02307
1b 02308
0f 02309
0c 02310
01 02311
08 02312
16 02313
11 02314
00 02315
af 02316
02 02317
ec 02318
ff 02319
15 02320
00 02321
08 02322
04 02323
02 02324
00 02325
da 02326
ff 02327
fd 02328
ff 02329
0b 02330
00 02331
fd 02332
ff 02333
f7 02334
ff 02335
bb 02336
1e 02337
04 02338
ff 02339
1b 02340
0f 02341
0c 02342
01 02343
08 02344
16 02345
11 02346
00 02347
b5 02348
02 02349
eb 02350
ff 02351
14 02352
00 02353
09 02354
04 02355
ef 02356
ff 02357
e6 02358
ff 02359
f6 02360
ff 02361
09 02362
00 02363
f7 02364
ff 02365
f8 02366
ff 02367
bb 02368
1e 02369
04 02370
ff 02371
1b 02372
0f 02373
0c 02374
01 02375
08 02376
16 02377
11 02378
00 02379
bb 02380
02 02381
ef 02382
ff 02383
14 02384
00 02385
08 02386
04 02387
ee 02388
ff 02389
cf 02390
ff 02391
f7 02392
ff 02393
06 02394
00 02395
f5 02396
ff 02397
fd 02398
ff 02399
bb 02400
1e 02401
04 02402
ff 02403
1b 02404
0f 02405
0c 02406
01 02407
08 02408
16 02409
11 02410
00 02411
c2 02412
02 02413
ef 02414
ff 02415
14 02416
00 02417
08 02418
04 02419
07 02420
00 02421
d9 02422
ff 02423
f6 02424
ff 02425
09 02426
00 02427
f5 02428
ff 02429
f7 02430
ff 02431
bb 02432
1e 02433
04 02434
ff 02435
1b 02436
0f 02437
0c 02438
01 02439
08 02440
16 02441
11 02442
00 02443
c8 02444
02 02445
eb 02446
ff 02447
14 02448
00 02449
0b 02450
04 02451
00 02452
00 02453
dd 02454
ff 02455
f8 02456
ff 02457
08 02458
00 02459
fb 02460
ff 02461
f4 02462
ff 02463
bb 02464
1e 02465
04 02466
ff 02467
1b 02468
0f 02469
0c 02470
01 02471
08 02472
16 02473
11 02474
00 02475
ce 02476
02 02477
ea 02478
ff 02479
11 02480
00 02481
08 02482
04 02483
fe 02484
ff 02485
db 02486
ff 02487
f6 02488
ff 02489
03 02490
00 02491
fd 02492
ff 02493
f4 02494
ff 02495
bb 02496
1e 02497
04 02498
ff 02499
1b 02500
0f 02501
0c 02502
01 02503
08 02504
16 02505
11 02506
00 02507
d4 02508
02 02509
ec 02510
ff 02511
10 02512
00 02513
09 02514
04 02515
fd 02516
ff 02517
db 02518
ff 02519
f6 02520
ff 02521
05 02522
00 02523
f8 02524
ff 02525
fb 02526
ff 02527
bb 02528
1e 02529
04 02530
ff 02531
1b 02532
0f 02533
0c 02534
01 02535
08 02536
16 02537
11 02538
00 02539
db 02540
02 02541
ee 02542
ff 02543
12 02544
00 02545
06 02546
04 02547
fe 02548
ff 02549
e5 02550
ff 02551
f3 02552
ff 02553
08 02554
00 02555
00 02556
00 02557
fe 02558
ff 02559
bb 02560
1e 02561
04 02562
ff 02563
1b 02564
0f 02565
0c 02566
01 02567
08 02568
16 02569
11 02570
00 02571
e1 02572
02 02573
ed 02574
ff 02575
11 02576
00 02577
08 02578
04 02579
00 02580
00 02581
dc 02582
ff 02583
f4 02584
ff 02585
08 02586
00 02587
fa 02588
ff 02589
fa 02590
ff 02591
bb 02592
1e 02593
04 02594
ff 02595
1b 02596
0f 02597
0c 02598
01 02599
08 02600
16 02601
11 02602
00 02603
e7 02604
02 02605
ed 02606
ff 02607
14 02608
00 02609
0a 02610
04 02611
0c 02612
00 02613
de 02614
ff 02615
f7 02616
ff 02617
08 02618
00 02619
fb 02620
ff 02621
f7 02622
ff 02623
bb 02624
1e 02625
04 02626
ff 02627
1b 02628
0f 02629
0c 02630
01 02631
08 02632
16 02633
11 02634
00 02635
ed 02636
02 02637
ed 02638
ff 02639
13 02640
00 02641
09 02642
04 02643
00 02644
00 02645
d5 02646
ff 02647
f3 02648
ff 02649
08 02650
00 02651
f4 02652
ff 02653
fb 02654
ff 02655
bb 02656
1e 02657
04 02658
ff 02659
1b 02660
0f 02661
0c 02662
01 02663
08 02664
16 02665
11 02666
00 02667
f4 02668
02 02669
ef 02670
ff 02671
13 02672
00 02673
07 02674
04 02675
02 02676
00 02677
dd 02678
ff 02679
f6 02680
ff 02681
06 02682
00 02683
fb 02684
ff 02685
02 02686
00 02687
bb 02688
1e 02689
04 02690
ff 02691
1b 02692
0f 02693
0c 02694
01 02695
08 02696
16 02697
11 02698
00 02699
fa 02700
02 02701
eb 02702
ff 02703
12 02704
00 02705
08 02706
04 02707
02 02708
00 02709
dd 02710
ff 02711
f5 02712
ff 02713
11 02714
00 02715
fd 02716
ff 02717
fb 02718
ff 02719
bb 02720
1e 02721
04 02722
ff 02723
1b 02724
0f 02725
0c 02726
01 02727
08 02728
16 02729
11 02730
00 02731
00 02732
03 02733
ec 02734
ff 02735
14 02736
00 02737
09 02738
04 02739
07 02740
00 02741
dc 02742
ff 02743
f4 02744
ff 02745
0f 02746
00 02747
f7 02748
ff 02749
fa 02750
ff 02751
bb 02752
1e 02753
04 02754
ff 02755
1b 02756
0f 02757
0c 02758
01 02759
08 02760
16 02761
11 02762
00 02763
06 02764
03 02765
ed 02766
ff 02767
14 02768
00 02769
08 02770
04 02771
05 02772
00 02773
db 02774
ff 02775
f7 02776
ff 02777
08 02778
00 02779
fa 02780
ff 02781
fe 02782
ff 02783
bb 02784
1e 02785
04 02786
ff 02787
1b 02788
0f 02789
0c 02790
01 02791
08 02792
16 02793
11 02794
00 02795
0d 02796
03 02797
ed 02798
ff 02799
12 02800
00 02801
08 02802
04 02803
02 02804
00 02805
dc 02806
ff 02807
f5 02808
ff 02809
06 02810
00 02811
ee 02812
ff 02813
fb 02814
ff 02815
bb 02816
1e 02817
04 02818
ff 02819
1b 02820
0f 02821
0c 02822
01 02823
08 02824
16 02825
11 02826
00 02827
13 02828
03 02829
eb 02830
ff 02831
13 02832
00 02833
05 02834
04 02835
08 02836
00 02837
e0 02838
ff 02839
f6 02840
ff 02841
03 02842
00 02843
fa 02844
ff 02845
fb 02846
ff 02847
bb 02848
1e 02849
04 02850
ff 02851
1b 02852
0f 02853
0c 02854
01 02855
08 02856
16 02857
11 02858
00 02859
19 02860
03 02861
ed 02862
ff 02863
14 02864
00 02865
09 02866
04 02867
fc 02868
ff 02869
e1 02870
ff 02871
f5 02872
ff 02873
0b 02874
00 02875
fd 02876
ff 02877
fa 02878
ff 02879
bb 02880
1e 02881
04 02882
ff 02883
1b 02884
0f 02885
0c 02886
01 02887
08 02888
16 02889
11 02890
00 02891
1f 02892
03 02893
ec 02894
ff 02895
12 02896
00 02897
06 02898
04 02899
f7 02900
ff 02901
d3 02902
ff 02903
f3 02904
ff 02905
06 02906
00 02907
f7 02908
ff 02909
f8 02910
ff 02911
bb 02912
1e 02913
04 02914
ff 02915
1b 02916
0f 02917
0c 02918
01 02919
08 02920
16 02921
11 02922
00 02923
26 02924
03 02925
ee 02926
ff 02927
15 02928
00 02929
07 02930
04 02931
0b 02932
00 02933
dd 02934
ff 02935
f4 02936
ff 02937
06 02938
00 02939
fb 02940
ff 02941
f7 02942
ff 02943
bb 02944
1e 02945
04 02946
ff 02947
1b 02948
0f 02949
0c 02950
01 02951
08 02952
16 02953
11 02954
00 02955
2c 02956
03 02957
ee 02958
ff 02959
15 02960
00 02961
0a 02962
04 02963
f8 02964
ff 02965
d5 02966
ff 02967
f7 02968
ff 02969
0f 02970
00 02971
fa 02972
ff 02973
f5 02974
ff 02975
bb 02976
1e 02977
04 02978
ff 02979
1b 02980
0f 02981
0c 02982
01 02983
08 02984
16 02985
11 02986
00 02987
32 02988
03 02989
eb 02990
ff 02991
13 02992
00 02993
05 02994
04 02995
fe 02996
ff 02997
d9 02998
ff 02999
f6 03000
ff 03001
03 03002
00 03003
fa 03004
ff 03005
00 03006
00 03007
bb 03008
1e 03009
04 03010
ff 03011
1b 03012
0f 03013
0c 03014
01 03015
08 03016
16 03017
11 03018
00 03019
38 03020
03 03021
e9 03022
ff 03023
12 03024
00 03025
0a 03026
04 03027
05 03028
00 03029
e1 03030
ff 03031
f8 03032
ff 03033
09 03034
00 03035
f8 03036
ff 03037
fa 03038
ff 03039
bb 03040
1e 03041
04 03042
ff 03043
1b 03044
0f 03045
0c 03046
01 03047
08 03048
16 03049
11 03050
00 03051
3f 03052
03 03053
ee 03054
ff 03055
14 03056
00 03057
07 03058
04 03059
f9 03060
ff 03061
d8 03062
ff 03063
f5 03064
ff 03065
05 03066
00 03067
fb 03068
ff 03069
fd 03070
ff 03071
bb 03072
1e 03073
04 03074
ff 03075
1b 03076
0f 03077
0c 03078
01 03079
08 03080
16 03081
11 03082
00 03083
45 03084
03 03085
ed 03086
ff 03087
12 03088
00 03089
09 03090
04 03091
04 03092
00 03093
de 03094
ff 03095
f6 03096
ff 03097
09 03098
00 03099
fa 03100
ff 03101
fb 03102
ff 03103
bb 03104
1e 03105
04 03106
ff 03107
1b 03108
0f 03109
0c 03110
01 03111
08 03112
16 03113
11 03114
00 03115
4b 03116
03 03117
f0 03118
ff 03119
13 03120
00 03121
06 03122
04 03123
07 03124
00 03125
dd 03126
ff 03127
f5 03128
ff 03129
08 03130
00 03131
f8 03132
ff 03133
fa 03134
ff 03135
bb 03136
1e 03137
04 03138
ff 03139
1b 03140
0f 03141
0c 03142
01 03143
08 03144
16 03145
11 03146
00 03147
51 03148
03 03149
ed 03150
ff 03151
13 03152
00 03153
06 03154
04 03155
03 03156
00 03157
d6 03158
ff 03159
f4 03160
ff 03161
06 03162
00 03163
f8 03164
ff 03165
fb 03166
ff 03167
bb 03168
1e 03169
04 03170
ff 03171
1b 03172
0f 03173
0c 03174
01 03175
08 03176
16 03177
11 03178
00 03179
58 03180
03 03181
f0 03182
ff 03183
14 03184
00 03185
06 03186
04 03187
00 03188
00 03189
d9 03190
ff 03191
f5 03192
ff 03193
02 03194
00 03195
f7 03196
ff 03197
00 03198
00 03199
bb 03200
1e 03201
04 03202
ff 03203
1b 03204
0f 03205
0c 03206
01 03207
08 03208
16 03209
11 03210
00 03211
5e 03212
03 03213
ed 03214
ff 03215
14 03216
00 03217
08 03218
04 03219
07 03220
00 03221
d8 03222
ff 03223
f5 03224
ff 03225
06 03226
00 03227
02 03228
00 03229
fe 03230
ff 03231
bb 03232
1e 03233
04 03234
ff 03235
1b 03236
0f 03237
0c 03238
01 03239
08 03240
16 03241
11 03242
00 03243
64 03244
03 03245
ee 03246
ff 03247
12 03248
00 03249
06 03250
04 03251
00 03252
00 03253
d9 03254
ff 03255
f3 03256
ff 03257
08 03258
00 03259
fe 03260
ff 03261
fb 03262
ff 03263
bb 03264
1e 03265
04 03266
ff 03267
1b 03268
0f 03269
0c 03270
01 03271
08 03272
16 03273
11 03274
00 03275
6a 03276
03 03277
ec 03278
ff 03279
15 03280
00 03281
07 03282
04 03283
08 03284
00 03285
e1 03286
ff 03287
f3 03288
ff 03289
02 03290
00 03291
f5 03292
ff 03293
f4 03294
ff 03295
bb 03296
1e 03297
04 03298
ff 03299
1b 03300
0f 03301
0c 03302
01 03303
08 03304
16 03305
11 03306
00 03307
71 03308
03 03309
ed 03310
ff 03311
16 03312
00 03313
07 03314
04 03315
02 03316
00 03317
d6 03318
ff 03319
f4 03320
ff 03321
05 03322
00 03323
f4 03324
ff 03325
f8 03326
ff 03327
bb 03328
1e 03329
04 03330
ff 03331
1b 03332
0f 03333
0c 03334
01 03335
08 03336
16 03337
11 03338
00 03339
77 03340
03 03341
ef 03342
ff 03343
14 03344
00 03345
07 03346
04 03347
08 03348
00 03349
df 03350
ff 03351
f9 03352
ff 03353
06 03354
00 03355
fa 03356
ff 03357
fe 03358
ff 03359
bb 03360
1e 03361
04 03362
ff 03363
1b 03364
0f 03365
0c 03366
01 03367
08 03368
16 03369
11 03370
00 03371
7d 03372
03 03373
ea 03374
ff 03375
15 03376
00 03377
0a 03378
04 03379
0b 03380
00 03381
da 03382
ff 03383
f3 03384
ff 03385
00 03386
00 03387
f7 03388
ff 03389
fd 03390
ff 03391
bb 03392
1e 03393
04 03394
ff 03395
1b 03396
0f 03397
0c 03398
01 03399
08 03400
16 03401
11 03402
00 03403
83 03404
03 03405
ef 03406
ff 03407
16 03408
00 03409
07 03410
04 03411
f7 03412
ff 03413
d6 03414
ff 03415
f6 03416
ff 03417
08 03418
00 03419
fb 03420
ff 03421
f8 03422
ff 03423
bb 03424
1e 03425
04 03426
ff 03427
1b 03428
0f 03429
0c 03430
01 03431
08 03432
16 03433
11 03434
00 03435
8a 03436
03 03437
ef 03438
ff 03439
13 03440
00 03441
06 03442
04 03443
05 03444
00 03445
dd 03446
ff 03447
f5 03448
ff 03449
00 03450
00 03451
f8 03452
ff 03453
03 03454
00 03455
bb 03456
1e 03457
04 03458
ff 03459
1b 03460
0f 03461
0c 03462
01 03463
08 03464
16 03465
11 03466
00 03467
90 03468
03 03469
ed 03470
ff 03471
17 03472
00 03473
09 03474
04 03475
06 03476
00 03477
df 03478
ff 03479
f5 03480
ff 03481
03 03482
00 03483
f7 03484
ff 03485
f8 03486
ff 03487
bb 03488
1e 03489
04 03490
ff 03491
1b 03492
0f 03493
0c 03494
01 03495
08 03496
16 03497
11 03498
00 03499
96 03500
03 03501
f0 03502
ff 03503
15 03504
00 03505
05 03506
04 03507
01 03508
00 03509
d5 03510
ff 03511
f6 03512
ff 03513
08 03514
00 03515
fa 03516
ff 03517
fe 03518
ff 03519
bb 03520
1e 03521
04 03522
ff 03523
1b 03524
0f 03525
0c 03526
01 03527
08 03528
16 03529
11 03530
00 03531
9c 03532
03 03533
eb 03534
ff 03535
15 03536
00 03537
09 03538
04 03539
fb 03540
ff 03541
d7 03542
ff 03543
f3 03544
ff 03545
06 03546
00 03547
00 03548
00 03549
02 03550
00 03551
bb 03552
1e 03553
04 03554
ff 03555
1b 03556
0f 03557
0c 03558
01 03559
08 03560
16 03561
11 03562
00 03563
a3 03564
03 03565
ed 03566
ff 03567
16 03568
00 03569
07 03570
04 03571
09 03572
00 03573
dd 03574
ff 03575
f6 03576
ff 03577
06 03578
00 03579
fa 03580
ff 03581
fb 03582
ff 03583
bb 03584
1e 03585
04 03586
ff 03587
1b 03588
0f 03589
0c 03590
01 03591
08 03592
16 03593
11 03594
00 03595
a9 03596
03 03597
ee 03598
ff 03599
14 03600
00 03601
08 03602
04 03603
f9 03604
ff 03605
d7 03606
ff 03607
f7 03608
ff 03609
05 03610
00 03611
fe 03612
ff 03613
fb 03614
ff 03615
bb 03616
1e 03617
04 03618
ff 03619
1b 03620
0f 03621
0c 03622
01 03623
08 03624
16 03625
11 03626
00 03627
af 03628
03 03629
f1 03630
ff 03631
15 03632
00 03633
07 03634
04 03635
ff 03636
ff 03637
db 03638
ff 03639
f7 03640
ff 03641
05 03642
00 03643
f1 03644
ff 03645
f8 03646
ff 03647
bb 03648
1e 03649
04 03650
ff 03651
1b 03652
0f 03653
0c 03654
01 03655
08 03656
16 03657
11 03658
00 03659
b5 03660
03 03661
f0 03662
ff 03663
14 03664
00 03665
07 03666
04 03667
0a 03668
00 03669
d5 03670
ff 03671
f5 03672
ff 03673
08 03674
00 03675
00 03676
00 03677
f7 03678
ff 03679
bb 03680
1e 03681
04 03682
ff 03683
1b 03684
0f 03685
0c 03686
01 03687
08 03688
16 03689
11 03690
00 03691
bc 03692
03 03693
f0 03694
ff 03695
18 03696
00 03697
09 03698
04 03699
07 03700
00 03701
d9 03702
ff 03703
f4 03704
ff 03705
08 03706
00 03707
f5 03708
ff 03709
fb 03710
ff 03711
bb 03712
1e 03713
04 03714
ff 03715
1b 03716
0f 03717
0c 03718
01 03719
08 03720
16 03721
11 03722
00 03723
c2 03724
03 03725
ee 03726
ff 03727
14 03728
00 03729
05 03730
04 03731
01 03732
00 03733
dc 03734
ff 03735
f3 03736
ff 03737
0b 03738
00 03739
fe 03740
ff 03741
f8 03742
ff 03743
bb 03744
1e 03745
04 03746
ff 03747
1b 03748
0f 03749
0c 03750
01 03751
08 03752
16 03753
11 03754
00 03755
c8 03756
03 03757
f1 03758
ff 03759
18 03760
00 03761
09 03762
04 03763
01 03764
00 03765
da 03766
ff 03767
f8 03768
ff 03769
fe 03770
ff 03771
fe 03772
ff 03773
fb 03774
ff 03775
bb 03776
1e 03777
04 03778
ff 03779
1b 03780
0f 03781
0c 03782
01 03783
08 03784
16 03785
11 03786
00 03787
ce 03788
03 03789
ef 03790
ff 03791
18 03792
00 03793
0a 03794
04 03795
01 03796
00 03797
d9 03798
ff 03799
f4 03800
ff 03801
03 03802
00 03803
fb 03804
ff 03805
fd 03806
ff 03807
bb 03808
1e 03809
04 03810
ff 03811
1b 03812
0f 03813
0c 03814
01 03815
08 03816
16 03817
11 03818
00 03819
d5 03820
03 03821
f3 03822
ff 03823
13 03824
00 03825
03 03826
04 03827
fb 03828
ff 03829
d9 03830
ff 03831
f5 03832
ff 03833
0b 03834
00 03835
fb 03836
ff 03837
f8 03838
ff 03839
bb 03840
1e 03841
04 03842
ff 03843
1b 03844
0f 03845
0c 03846
01 03847
08 03848
16 03849
11 03850
00 03851
db 03852
03 03853
f1 03854
ff 03855
18 03856
00 03857
05 03858
04 03859
06 03860
00 03861
dc 03862
ff 03863
f5 03864
ff 03865
06 03866
00 03867
fe 03868
ff 03869
fd 03870
ff 03871
bb 03872
1e 03873
04 03874
ff 03875
1b 03876
0f 03877
0c 03878
01 03879
08 03880
16 03881
11 03882
00 03883
e1 03884
03 03885
ec 03886
ff 03887
19 03888
00 03889
0a 03890
04 03891
03 03892
00 03893
de 03894
ff 03895
f6 03896
ff 03897
fd 03898
ff 03899
fb 03900
ff 03901
fa 03902
ff 03903
bb 03904
1e 03905
04 03906
ff 03907
1b 03908
0f 03909
0c 03910
01 03911
08 03912
16 03913
11 03914
00 03915
e7 03916
03 03917
f0 03918
ff 03919
14 03920
00 03921
06 03922
04 03923
00 03924
00 03925
d9 03926
ff 03927
f7 03928
ff 03929
0b 03930
00 03931
fd 03932
ff 03933
fa 03934
ff 03935
bb 03936
1e 03937
04 03938
ff 03939
1b 03940
0f 03941
0c 03942
01 03943
08 03944
16 03945
11 03946
00 03947
ee 03948
03 03949
ed 03950
ff 03951
19 03952
00 03953
0a 03954
04 03955
0d 03956
00 03957
e9 03958
ff 03959
f6 03960
ff 03961
08 03962
00 03963
02 03964
00 03965
fa 03966
ff 03967
bb 03968
1e 03969
04 03970
ff 03971
1b 03972
0f 03973
0c 03974
01 03975
08 03976
16 03977
11 03978
00 03979
f4 03980
03 03981
f0 03982
ff 03983
14 03984
00 03985
09 03986
04 03987
f3 03988
ff 03989
d4 03990
ff 03991
f5 03992
ff 03993
08 03994
00 03995
fb 03996
ff 03997
f4 03998
ff 03999
bb 04000
1e 04001
04 04002
ff 04003
1b 04004
0f 04005
0c 04006
01 04007
08 04008
16 04009
11 04010
00 04011
fa 04012
03 04013
f1 04014
ff 04015
16 04016
00 04017
08 04018
04 04019
09 04020
00 04021
d8 04022
ff 04023
f7 04024
ff 04025
00 04026
00 04027
00 04028
00 04029
03 04030
00 04031
bb 04032
1e 04033
04 04034
ff 04035
1b 04036
0f 04037
0c 04038
01 04039
08 04040
16 04041
11 04042
00 04043
00 04044
04 04045
f1 04046
ff 04047
18 04048
00 04049
08 04050
04 04051
0a 04052
00 04053
e0 04054
ff 04055
f2 04056
ff 04057
08 04058
00 04059
fe 04060
ff 04061
fb 04062
ff 04063
bb 04064
1e 04065
04 04066
ff 04067
1b 04068
0f 04069
0c 04070
01 04071
08 04072
16 04073
11 04074
00 04075
07 04076
04 04077
ee 04078
ff 04079
17 04080
00 04081
09 04082
04 04083
06 04084
00 04085
d9 04086
ff 04087
f4 04088
ff 04089
08 04090
00 04091
f7 04092
ff 04093
f2 04094
ff 04095
bb 04096
1e 04097
04 04098
ff 04099
1b 04100
0f 04101
0c 04102
01 04103
08 04104
16 04105
11 04106
00 04107
0d 04108
04 04109
ed 04110
ff 04111
17 04112
00 04113
09 04114
04 04115
01 04116
00 04117
e3 04118
ff 04119
f5 04120
ff 04121
05 04122
00 04123
f8 04124
ff 04125
fd 04126
ff 04127
bb 04128
1e 04129
04 04130
ff 04131
1b 04132
0f 04133
0c 04134
01 04135
08 04136
16 04137
11 04138
00 04139
13 04140
04 04141
f0 04142
ff 04143
19 04144
00 04145
08 04146
04 04147
01 04148
00 04149
db 04150
ff 04151
f7 04152
ff 04153
0b 04154
00 04155
f4 04156
ff 04157
fd 04158
ff 04159
bb 04160
1e 04161
04 04162
ff 04163
1b 04164
0f 04165
0c 04166
01 04167
08 04168
16 04169
11 04170
00 04171
19 04172
04 04173
ee 04174
ff 04175
16 04176
00 04177
09 04178
04 04179
f8 04180
ff 04181
da 04182
ff 04183
f5 04184
ff 04185
03 04186
00 04187
f4 04188
ff 04189
f7 04190
ff 04191
bb 04192
1e 04193
04 04194
ff 04195
1b 04196
0f 04197
0c 04198
01 04199
08 04200
16 04201
11 04202
00 04203
20 04204
04 04205
f3 04206
ff 04207
16 04208
00 04209
09 04210
04 04211
02 04212
00 04213
e4 04214
ff 04215
f6 04216
ff 04217
0b 04218
00 04219
f7 04220
ff 04221
fd 04222
ff 04223
bb 04224
1e 04225
04 04226
ff 04227
1b 04228
0f 04229
0c 04230
01 04231
08 04232
16 04233
11 04234
00 04235
26 04236
04 04237
f1 04238
ff 04239
19 04240
00 04241
09 04242
04 04243
0b 04244
00 04245
d6 04246
ff 04247
f6 04248
ff 04249
00 04250
00 04251
fd 04252
ff 04253
00 04254
00 04255
bb 04256
1e 04257
04 04258
ff 04259
1b 04260
0f 04261
0c 04262
01 04263
08 04264
16 04265
11 04266
00 04267
2c 04268
04 04269
ef 04270
ff 04271
16 04272
00 04273
08 04274
04 04275
ff 04276
ff 04277
e2 04278
ff 04279
f4 04280
ff 04281
05 04282
00 04283
f7 04284
ff 04285
02 04286
00 04287
bb 04288
1e 04289
04 04290
ff 04291
1b 04292
0f 04293
0c 04294
01 04295
08 04296
16 04297
11 04298
00 04299
32 04300
04 04301
ee 04302
ff 04303
18 04304
00 04305
0a 04306
04 04307
fb 04308
ff 04309
da 04310
ff 04311
f6 04312
ff 04313
09 04314
00 04315
fb 04316
ff 04317
fd 04318
ff 04319
bb 04320
1e 04321
04 04322
ff 04323
1b 04324
0f 04325
0c 04326
01 04327
08 04328
16 04329
11 04330
00 04331
39 04332
04 04333
f0 04334
ff 04335
17 04336
00 04337
07 04338
04 04339
03 04340
00 04341
e2 04342
ff 04343
f4 04344
ff 04345
05 04346
00 04347
fe 04348
ff 04349
f8 04350
ff 04351
bb 04352
1e 04353
04 04354
ff 04355
1b 04356
0f 04357
0c 04358
01 04359
08 04360
16 04361
11 04362
00 04363
3f 04364
04 04365
ef 04366
ff 04367
1a 04368
00 04369
0a 04370
04 04371
fd 04372
ff 04373
da 04374
ff 04375
f5 04376
ff 04377
06 04378
00 04379
f7 04380
ff 04381
fb 04382
ff 04383
bb 04384
1e 04385
04 04386
ff 04387
1b 04388
0f 04389
0c 04390
01 04391
08 04392
16 04393
11 04394
00 04395
45 04396
04 04397
ec 04398
ff 04399
16 04400
00 04401
08 04402
04 04403
fd 04404
ff 04405
e3 04406
ff 04407
f6 04408
ff 04409
08 04410
00 04411
fb 04412
ff 04413
f4 04414
ff 04415
bb 04416
1e 04417
04 04418
ff 04419
1b 04420
0f 04421
0c 04422
01 04423
08 04424
16 04425
11 04426
00 04427
4b 04428
04 04429
ef 04430
ff 04431
17 04432
00 04433
06 04434
04 04435
08 04436
00 04437
d6 04438
ff 04439
f6 04440
ff 04441
09 04442
00 04443
05 04444
00 04445
fd 04446
ff 04447
bb 04448
1e 04449
04 04450
ff 04451
1b 04452
0f 04453
0c 04454
01 04455
08 04456
16 04457
11 04458
00 04459
52 04460
04 04461
ed 04462
ff 04463
17 04464
00 04465
09 04466
04 04467
ff 04468
ff 04469
dc 04470
ff 04471
f7 04472
ff 04473
02 04474
00 04475
f4 04476
ff 04477
fe 04478
ff 04479
bb 04480
1e 04481
04 04482
ff 04483
1b 04484
0f 04485
0c 04486
01 04487
08 04488
16 04489
11 04490
00 04491
58 04492
04 04493
ed 04494
ff 04495
18 04496
00 04497
09 04498
04 04499
04 04500
00 04501
e7 04502
ff 04503
f6 04504
ff 04505
05 04506
00 04507
02 04508
00 04509
fb 04510
ff 04511
bb 04512
1e 04513
04 04514
ff 04515
1b 04516
0f 04517
0c 04518
01 04519
08 04520
16 04521
11 04522
00 04523
5e 04524
04 04525
ee 04526
ff 04527
14 04528
00 04529
08 04530
04 04531
11 04532
00 04533
e9 04534
ff 04535
f9 04536
ff 04537
09 04538
00 04539
00 04540
00 04541
fe 04542
ff 04543
bb 04544
1e 04545
04 04546
ff 04547
1b 04548
0f 04549
0c 04550
01 04551
08 04552
16 04553
11 04554
00 04555
64 04556
04 04557
ee 04558
ff 04559
16 04560
00 04561
05 04562
04 04563
0a 04564
00 04565
e9 04566
ff 04567
f6 04568
ff 04569
0b 04570
00 04571
02 04572
00 04573
fa 04574
ff 04575
bb 04576
1e 04577
04 04578
ff 04579
1b 04580
0f 04581
0c 04582
01 04583
08 04584
16 04585
11 04586
00 04587
6b 04588
04 04589
ec 04590
ff 04591
1b 04592
00 04593
0f 04594
04 04595
f3 04596
ff 04597
d6 04598
ff 04599
f5 04600
ff 04601
02 04602
00 04603
fb 04604
ff 04605
f7 04606
ff 04607
bb 04608
1e 04609
04 04610
ff 04611
1b 04612
0f 04613
0c 04614
01 04615
08 04616
16 04617
11 04618
00 04619
71 04620
04 04621
ed 04622
ff 04623
18 04624
00 04625
07 04626
04 04627
02 04628
00 04629
df 04630
ff 04631
f4 04632
ff 04633
fd 04634
ff 04635
fb 04636
ff 04637
03 04638
00 04639
bb 04640
1e 04641
04 04642
ff 04643
1b 04644
0f 04645
0c 04646
01 04647
08 04648
16 04649
11 04650
00 04651
77 04652
04 04653
ec 04654
ff 04655
19 04656
00 04657
09 04658
04 04659
0b 04660
00 04661
e0 04662
ff 04663
f6 04664
ff 04665
02 04666
00 04667
fe 04668
ff 04669
fb 04670
ff 04671
bb 04672
1e 04673
04 04674
ff 04675
1b 04676
0f 04677
0c 04678
01 04679
08 04680
16 04681
11 04682
00 04683
7d 04684
04 04685
e9 04686
ff 04687
18 04688
00 04689
0a 04690
04 04691
f3 04692
ff 04693
dd 04694
ff 04695
f5 04696
ff 04697
02 04698
00 04699
f7 04700
ff 04701
f7 04702
ff 04703
bb 04704
1e 04705
04 04706
ff 04707
1b 04708
0f 04709
0c 04710
01 04711
08 04712
16 04713
11 04714
00 04715
84 04716
04 04717
e8 04718
ff 04719
16 04720
00 04721
08 04722
04 04723
fe 04724
ff 04725
df 04726
ff 04727
f6 04728
ff 04729
08 04730
00 04731
f7 04732
ff 04733
fe 04734
ff 04735
bb 04736
1e 04737
04 04738
ff 04739
1b 04740
0f 04741
0c 04742
01 04743
08 04744
16 04745
11 04746
00 04747
8a 04748
04 04749
ea 04750
ff 04751
15 04752
00 04753
08 04754
04 04755
f6 04756
ff 04757
d9 04758
ff 04759
f8 04760
ff 04761
02 04762
00 04763
f8 04764
ff 04765
02 04766
00 04767
bb 04768
1e 04769
04 04770
ff 04771
1b 04772
0f 04773
0c 04774
01 04775
08 04776
16 04777
11 04778
00 04779
90 04780
04 04781
ec 04782
ff 04783
17 04784
00 04785
07 04786
04 04787
fd 04788
ff 04789
e2 04790
ff 04791
f3 04792
ff 04793
09 04794
00 04795
03 04796
00 04797
f5 04798
ff 04799
bb 04800
1e 04801
04 04802
ff 04803
1b 04804
0f 04805
0c 04806
01 04807
08 04808
16 04809
11 04810
00 04811
96 04812
04 04813
eb 04814
ff 04815
17 04816
00 04817
08 04818
04 04819
fb 04820
ff 04821
db 04822
ff 04823
f6 04824
ff 04825
06 04826
00 04827
fe 04828
ff 04829
f7 04830
ff 04831
bb 04832
1e 04833
04 04834
ff 04835
1b 04836
0f 04837
0c 04838
01 04839
08 04840
16 04841
11 04842
00 04843
9d 04844
04 04845
e9 04846
ff 04847
18 04848
00 04849
09 04850
04 04851
ff 04852
ff 04853
de 04854
ff 04855
f8 04856
ff 04857
09 04858
00 04859
f5 04860
ff 04861
f8 04862
ff 04863
bb 04864
1e 04865
04 04866
ff 04867
1b 04868
0f 04869
0c 04870
01 04871
08 04872
16 04873
11 04874
00 04875
a3 04876
04 04877
ec 04878
ff 04879
16 04880
00 04881
07 04882
04 04883
f6 04884
ff 04885
da 04886
ff 04887
f8 04888
ff 04889
0e 04890
00 04891
fb 04892
ff 04893
f2 04894
ff 04895
bb 04896
1e 04897
04 04898
ff 04899
1b 04900
0f 04901
0c 04902
01 04903
08 04904
16 04905
11 04906
00 04907
a9 04908
04 04909
eb 04910
ff 04911
18 04912
00 04913
08 04914
04 04915
05 04916
00 04917
e1 04918
ff 04919
f7 04920
ff 04921
09 04922
00 04923
fb 04924
ff 04925
fd 04926
ff 04927
bb 04928
1e 04929
04 04930
ff 04931
1b 04932
0f 04933
0c 04934
01 04935
08 04936
16 04937
11 04938
00 04939
af 04940
04 04941
eb 04942
ff 04943
16 04944
00 04945
06 04946
04 04947
f5 04948
ff 04949
da 04950
ff 04951
f7 04952
ff 04953
fe 04954
ff 04955
fd 04956
ff 04957
fb 04958
ff 04959
bb 04960
1e 04961
04 04962
ff 04963
1b 04964
0f 04965
0c 04966
01 04967
08 04968
16 04969
11 04970
00 04971
b6 04972
04 04973
ea 04974
ff 04975
15 04976
00 04977
07 04978
04 04979
fc 04980
ff 04981
dd 04982
ff 04983
f7 04984
ff 04985
05 04986
00 04987
fa 04988
ff 04989
f8 04990
ff 04991
bb 04992
1e 04993
04 04994
ff 04995
1b 04996
0f 04997
0c 04998
01 04999
08 05000
16 05001
11 05002
00 05003
bc 05004
04 05005
ea 05006
ff 05007
16 05008
00 05009
08 05010
04 05011
fd 05012
ff 05013
dd 05014
ff 05015
f6 05016
ff 05017
0b 05018
00 05019
05 05020
00 05021
fe 05022
ff 05023
bb 05024
1e 05025
04 05026
ff 05027
1b 05028
0f 05029
0c 05030
01 05031
08 05032
16 05033
11 05034
00 05035
c2 05036
04 05037
e9 05038
ff 05039
14 05040
00 05041
09 05042
04 05043
04 05044
00 05045
e0 05046
ff 05047
f3 05048
ff 05049
fe 05050
ff 05051
f7 05052
ff 05053
f7 05054
ff 05055
bb 05056
1e 05057
04 05058
ff 05059
1b 05060
0f 05061
0c 05062
01 05063
08 05064
16 05065
11 05066
00 05067
c8 05068
04 05069
e8 05070
ff 05071
15 05072
00 05073
08 05074
04 05075
f8 05076
ff 05077
df 05078
ff 05079
f1 05080
ff 05081
02 05082
00 05083
fb 05084
ff 05085
03 05086
00 05087
bb 05088
1e 05089
04 05090
ff 05091
1b 05092
0f 05093
0c 05094
01 05095
08 05096
16 05097
11 05098
00 05099
cf 05100
04 05101
f0 05102
ff 05103
12 05104
00 05105
06 05106
04 05107
fc 05108
ff 05109
e2 05110
ff 05111
f7 05112
ff 05113
03 05114
00 05115
fe 05116
ff 05117
fd 05118
ff 05119
bb 05120
1e 05121
04 05122
ff 05123
1b 05124
0f 05125
0c 05126
01 05127
08 05128
16 05129
11 05130
00 05131
d5 05132
04 05133
ea 05134
ff 05135
14 05136
00 05137
0c 05138
04 05139
f9 05140
ff 05141
ed 05142
ff 05143
f5 05144
ff 05145
09 05146
00 05147
fd 05148
ff 05149
00 05150
00 05151
bb 05152
1e 05153
04 05154
ff 05155
1b 05156
0f 05157
0c 05158
01 05159
08 05160
16 05161
11 05162
00 05163
db 05164
04 05165
ea 05166
ff 05167
16 05168
00 05169
12 05170
04 05171
e4 05172
ff 05173
e0 05174
ff 05175
f1 05176
ff 05177
0c 05178
00 05179
fa 05180
ff 05181
fd 05182
ff 05183
bb 05184
1e 05185
04 05186
ff 05187
1b 05188
0f 05189
0c 05190
01 05191
08 05192
16 05193
11 05194
00 05195
e1 05196
04 05197
f7 05198
ff 05199
1b 05200
00 05201
15 05202
04 05203
d6 05204
ff 05205
16 05206
00 05207
f8 05208
ff 05209
08 05210
00 05211
fe 05212
ff 05213
00 05214
00 05215
bb 05216
1e 05217
04 05218
ff 05219
1b 05220
0f 05221
0c 05222
01 05223
08 05224
16 05225
11 05226
00 05227
e8 05228
04 05229
e9 05230
ff 05231
08 05232
00 05233
f6 05234
03 05235
93 05236
ff 05237
48 05238
00 05239
10 05240
00 05241
06 05242
00 05243
05 05244
00 05245
05 05246
00 05247
bb 05248
1e 05249
04 05250
ff 05251
1b 05252
0f 05253
0c 05254
01 05255
08 05256
16 05257
11 05258
00 05259
ee 05260
04 05261
dc 05262
ff 05263
0b 05264
00 05265
12 05266
04 05267
eb 05268
ff 05269
91 05270
00 05271
22 05272
00 05273
0c 05274
00 05275
05 05276
00 05277
06 05278
00 05279
bb 05280
1e 05281
04 05282
ff 05283
1b 05284
0f 05285
0c 05286
01 05287
08 05288
16 05289
11 05290
00 05291
f4 05292
04 05293
f1 05294
ff 05295
f2 05296
ff 05297
17 05298
04 05299
f0 05300
ff 05301
be 05302
ff 05303
3c 05304
00 05305
06 05306
00 05307
08 05308
00 05309
00 05310
00 05311
bb 05312
1e 05313
04 05314
ff 05315
1b 05316
0f 05317
0c 05318
01 05319
08 05320
16 05321
11 05322
00 05323
fa 05324
04 05325
0f 05326
00 05327
fb 05328
ff 05329
21 05330
04 05331
a3 05332
ff 05333
13 05334
ff 05335
ca 05336
ff 05337
00 05338
00 05339
06 05340
00 05341
fa 05342
ff 05343
bb 05344
1e 05345
04 05346
ff 05347
1b 05348
0f 05349
0c 05350
01 05351
08 05352
16 05353
11 05354
00 05355
01 05356
05 05357
c8 05358
ff 05359
14 05360
00 05361
fa 05362
03 05363
c2 05364
ff 05365
53 05366
ff 05367
bb 05368
ff 05369
0e 05370
00 05371
fe 05372
ff 05373
03 05374
00 05375
bb 05376
1e 05377
04 05378
ff 05379
1b 05380
0f 05381
0c 05382
01 05383
08 05384
16 05385
11 05386
00 05387
07 05388
05 05389
09 05390
00 05391
ef 05392
ff 05393
03 05394
04 05395
c5 05396
ff 05397
4d 05398
ff 05399
ab 05400
ff 05401
05 05402
00 05403
fe 05404
ff 05405
fd 05406
ff 05407
bb 05408
1e 05409
04 05410
ff 05411
1b 05412
0f 05413
0c 05414
01 05415
08 05416
16 05417
11 05418
00 05419
0d 05420
05 05421
e9 05422
ff 05423
fc 05424
ff 05425
f8 05426
03 05427
fd 05428
ff 05429
e4 05430
ff 05431
88 05432
ff 05433
0b 05434
00 05435
02 05436
00 05437
09 05438
00 05439
bb 05440
1e 05441
04 05442
ff 05443
1b 05444
0f 05445
0c 05446
01 05447
08 05448
16 05449
11 05450
00 05451
13 05452
05 05453
c5 05454
ff 05455
06 05456
00 05457
f1 05458
03 05459
d4 05460
ff 05461
6f 05462
ff 05463
db 05464
ff 05465
09 05466
00 05467
00 05468
00 05469
fe 05470
ff 05471
bb 05472
1e 05473
04 05474
ff 05475
1b 05476
0f 05477
0c 05478
01 05479
08 05480
16 05481
11 05482
00 05483
1a 05484
05 05485
14 05486
00 05487
e5 05488
ff 05489
f7 05490
03 05491
e3 05492
ff 05493
54 05494
ff 05495
f4 05496
ff 05497
11 05498
00 05499
f8 05500
ff 05501
00 05502
00 05503
bb 05504
1e 05505
04 05506
ff 05507
1b 05508
0f 05509
0c 05510
01 05511
08 05512
16 05513
11 05514
00 05515
20 05516
05 05517
1e 05518
00 05519
da 05520
ff 05521
f8 05522
03 05523
2b 05524
00 05525
b8 05526
ff 05527
b1 05528
ff 05529
0f 05530
00 05531
f1 05532
ff 05533
fd 05534
ff 05535
bb 05536
1e 05537
04 05538
ff 05539
1b 05540
0f 05541
0c 05542
01 05543
08 05544
16 05545
11 05546
00 05547
26 05548
05 05549
01 05550
00 05551
ea 05552
ff 05553
f0 05554
03 05555
f7 05556
ff 05557
cd 05558
ff 05559
87 05560
ff 05561
14 05562
00 05563
f4 05564
ff 05565
02 05566
00 05567
bb 05568
1e 05569
04 05570
ff 05571
1b 05572
0f 05573
0c 05574
01 05575
08 05576
16 05577
11 05578
00 05579
2c 05580
05 05581
f7 05582
ff 05583
f6 05584
ff 05585
06 05586
04 05587
c1 05588
ff 05589
8d 05590
ff 05591
64 05592
ff 05593
18 05594
00 05595
f2 05596
ff 05597
fd 05598
ff 05599
bb 05600
1e 05601
04 05602
ff 05603
1b 05604
0f 05605
0c 05606
01 05607
08 05608
16 05609
11 05610
00 05611
33 05612
05 05613
01 05614
00 05615
f7 05616
ff 05617
07 05618
04 05619
c2 05620
ff 05621
b9 05622
ff 05623
73 05624
ff 05625
1d 05626
00 05627
f1 05628
ff 05629
fa 05630
ff 05631
bb 05632
1e 05633
04 05634
ff 05635
1b 05636
0f 05637
0c 05638
01 05639
08 05640
16 05641
11 05642
00 05643
39 05644
05 05645
09 05646
00 05647
fa 05648
ff 05649
1b 05650
04 05651
ed 05652
ff 05653
8e 05654
ff 05655
c4 05656
ff 05657
15 05658
00 05659
ef 05660
ff 05661
fa 05662
ff 05663
bb 05664
1e 05665
04 05666
ff 05667
1b 05668
0f 05669
0c 05670
01 05671
08 05672
16 05673
11 05674
00 05675
3f 05676
05 05677
0b 05678
00 05679
f4 05680
ff 05681
e6 05682
03 05683
0e 05684
00 05685
0b 05686
00 05687
8b 05688
ff 05689
1b 05690
00 05691
ef 05692
ff 05693
fb 05694
ff 05695
bb 05696
1e 05697
04 05698
ff 05699
1b 05700
0f 05701
0c 05702
01 05703
08 05704
16 05705
11 05706
00 05707
45 05708
05 05709
22 05710
00 05711
eb 05712
ff 05713
07 05714
04 05715
db 05716
ff 05717
b7 05718
ff 05719
84 05720
ff 05721
1d 05722
00 05723
e9 05724
ff 05725
fd 05726
ff 05727
bb 05728
1e 05729
04 05730
ff 05731
1b 05732
0f 05733
0c 05734
01 05735
08 05736
16 05737
11 05738
00 05739
4c 05740
05 05741
19 05742
00 05743
ed 05744
ff 05745
e1 05746
03 05747
45 05748
00 05749
42 05750
00 05751
4c 05752
ff 05753
1b 05754
00 05755
ee 05756
ff 05757
fd 05758
ff 05759
bb 05760
1e 05761
04 05762
ff 05763
1b 05764
0f 05765
0c 05766
01 05767
08 05768
16 05769
11 05770
00 05771
52 05772
05 05773
dc 05774
ff 05775
05 05776
00 05777
f5 05778
03 05779
ce 05780
ff 05781
b2 05782
ff 05783
7d 05784
ff 05785
1d 05786
00 05787
f1 05788
ff 05789
fe 05790
ff 05791
bb 05792
1e 05793
04 05794
ff 05795
1b 05796
0f 05797
0c 05798
01 05799
08 05800
16 05801
11 05802
00 05803
58 05804
05 05805
f6 05806
ff 05807
f6 05808
ff 05809
e3 05810
03 05811
ec 05812
ff 05813
f0 05814
ff 05815
c2 05816
ff 05817
18 05818
00 05819
f1 05820
ff 05821
fe 05822
ff 05823
bb 05824
1e 05825
04 05826
ff 05827
1b 05828
0f 05829
0c 05830
01 05831
08 05832
16 05833
11 05834
00 05835
5e 05836
05 05837
1a 05838
00 05839
e5 05840
ff 05841
04 05842
04 05843
95 05844
ff 05845
ab 05846
ff 05847
da 05848
ff 05849
1e 05850
00 05851
ee 05852
ff 05853
fd 05854
ff 05855
bb 05856
1e 05857
04 05858
ff 05859
1b 05860
0f 05861
0c 05862
01 05863
08 05864
16 05865
11 05866
00 05867
65 05868
05 05869
1c 05870
00 05871
d8 05872
ff 05873
ed 05874
03 05875
32 05876
00 05877
6d 05878
00 05879
96 05880
ff 05881
20 05882
00 05883
eb 05884
ff 05885
00 05886
00 05887
bb 05888
1e 05889
04 05890
ff 05891
1b 05892
0f 05893
0c 05894
01 05895
08 05896
16 05897
11 05898
00 05899
6b 05900
05 05901
e4 05902
ff 05903
f2 05904
ff 05905
d8 05906
03 05907
d3 05908
ff 05909
3a 05910
00 05911
8b 05912
ff 05913
21 05914
00 05915
eb 05916
ff 05917
09 05918
00 05919
bb 05920
1e 05921
04 05922
ff 05923
1b 05924
0f 05925
0c 05926
01 05927
08 05928
16 05929
11 05930
00 05931
71 05932
05 05933
f2 05934
ff 05935
f1 05936
ff 05937
00 05938
04 05939
e5 05940
ff 05941
64 05942
00 05943
d2 05944
ff 05945
21 05946
00 05947
ef 05948
ff 05949
03 05950
00 05951
bb 05952
1e 05953
04 05954
ff 05955
1b 05956
0f 05957
0c 05958
01 05959
08 05960
16 05961
11 05962
00 05963
77 05964
05 05965
e7 05966
ff 05967
e5 05968
ff 05969
e8 05970
03 05971
e1 05972
ff 05973
69 05974
00 05975
c7 05976
ff 05977
29 05978
00 05979
f7 05980
ff 05981
02 05982
00 05983
bb 05984
1e 05985
04 05986
ff 05987
1b 05988
0f 05989
0c 05990
01 05991
08 05992
16 05993
11 05994
00 05995
7e 05996
05 05997
b7 05998
ff 05999
d9 06000
ff 06001
07 06002
04 06003
6d 06004
ff 06005
06 06006
00 06007
f5 06008
ff 06009
24 06010
00 06011
f4 06012
ff 06013
08 06014
00 06015
bb 06016
1e 06017
04 06018
ff 06019
1b 06020
0f 06021
0c 06022
01 06023
08 06024
16 06025
11 06026
00 06027
84 06028
05 06029
fb 06030
ff 06031
d7 06032
ff 06033
0c 06034
04 06035
e5 06036
ff 06037
71 06038
00 06039
b7 06040
ff 06041
2c 06042
00 06043
fb 06044
ff 06045
06 06046
00 06047
bb 06048
1e 06049
04 06050
ff 06051
1b 06052
0f 06053
0c 06054
01 06055
08 06056
16 06057
11 06058
00 06059
8a 06060
05 06061
ce 06062
ff 06063
e4 06064
ff 06065
17 06066
04 06067
75 06068
ff 06069
e2 06070
ff 06071
e2 06072
ff 06073
26 06074
00 06075
00 06076
00 06077
08 06078
00 06079
bb 06080
1e 06081
04 06082
ff 06083
1b 06084
0f 06085
0c 06086
01 06087
08 06088
16 06089
11 06090
00 06091
90 06092
05 06093
f4 06094
ff 06095
cf 06096
ff 06097
29 06098
04 06099
aa 06100
ff 06101
bb 06102
ff 06103
07 06104
00 06105
29 06106
00 06107
f8 06108
ff 06109
09 06110
00 06111
bb 06112
1e 06113
04 06114
ff 06115
1b 06116
0f 06117
0c 06118
01 06119
08 06120
16 06121
11 06122
00 06123
97 06124
05 06125
b6 06126
ff 06127
e7 06128
ff 06129
36 06130
04 06131
ba 06132
ff 06133
2c 06134
00 06135
c3 06136
ff 06137
2a 06138
00 06139
fd 06140
ff 06141
0e 06142
00 06143
bb 06144
1e 06145
04 06146
ff 06147
1b 06148
0f 06149
0c 06150
01 06151
08 06152
16 06153
11 06154
00 06155
9d 06156
05 06157
bc 06158
ff 06159
e0 06160
ff 06161
29 06162
04 06163
e3 06164
ff 06165
38 06166
00 06167
d7 06168
ff 06169
32 06170
00 06171
00 06172
00 06173
11 06174
00 06175
bb 06176
1e 06177
04 06178
ff 06179
1b 06180
0f 06181
0c 06182
01 06183
08 06184
16 06185
11 06186
00 06187
a3 06188
05 06189
e8 06190
ff 06191
ce 06192
ff 06193
2f 06194
04 06195
0d 06196
00 06197
f6 06198
ff 06199
24 06200
00 06201
2f 06202
00 06203
fd 06204
ff 06205
1a 06206
00 06207
bb 06208
1e 06209
04 06210
ff 06211
1b 06212
0f 06213
0c 06214
01 06215
08 06216
16 06217
11 06218
00 06219
a9 06220
05 06221
e1 06222
ff 06223
c3 06224
ff 06225
0d 06226
04 06227
02 06228
00 06229
0f 06230
00 06231
15 06232
00 06233
2c 06234
00 06235
02 06236
00 06237
0f 06238
00 06239
bb 06240
1e 06241
04 06242
ff 06243
1b 06244
0f 06245
0c 06246
01 06247
08 06248
16 06249
11 06250
00 06251
b0 06252
05 06253
e2 06254
ff 06255
c7 06256
ff 06257
09 06258
04 06259
07 06260
00 06261
07 06262
00 06263
db 06264
ff 06265
29 06266
00 06267
02 06268
00 06269
11 06270
00 06271
bb 06272
1e 06273
04 06274
ff 06275
1b 06276
0f 06277
0c 06278
01 06279
08 06280
16 06281
11 06282
00 06283
b6 06284
05 06285
c7 06286
ff 06287
c9 06288
ff 06289
02 06290
04 06291
0b 06292
00 06293
10 06294
00 06295
e5 06296
ff 06297
2f 06298
00 06299
05 06300
00 06301
12 06302
00 06303
bb 06304
1e 06305
04 06306
ff 06307
1b 06308
0f 06309
0c 06310
01 06311
08 06312
16 06313
11 06314
00 06315
bc 06316
05 06317
d3 06318
ff 06319
bb 06320
ff 06321
eb 06322
03 06323
07 06324
00 06325
46 06326
00 06327
ef 06328
ff 06329
33 06330
00 06331
05 06332
00 06333
0f 06334
00 06335
bb 06336
1e 06337
04 06338
ff 06339
1b 06340
0f 06341
0c 06342
01 06343
08 06344
16 06345
11 06346
00 06347
c2 06348
05 06349
e2 06350
ff 06351
bb 06352
ff 06353
08 06354
04 06355
09 06356
00 06357
93 06358
ff 06359
25 06360
00 06361
2c 06362
00 06363
0b 06364
00 06365
14 06366
00 06367
bb 06368
1e 06369
04 06370
ff 06371
1b 06372
0f 06373
0c 06374
01 06375
08 06376
16 06377
11 06378
00 06379
c9 06380
05 06381
dc 06382
ff 06383
b7 06384
ff 06385
db 06386
03 06387
70 06388
00 06389
1b 06390
00 06391
17 06392
00 06393
26 06394
00 06395
08 06396
00 06397
18 06398
00 06399
bb 06400
1e 06401
04 06402
ff 06403
1b 06404
0f 06405
0c 06406
01 06407
08 06408
16 06409
11 06410
00 06411
cf 06412
05 06413
ca 06414
ff 06415
d2 06416
ff 06417
26 06418
04 06419
15 06420
00 06421
51 06422
00 06423
d6 06424
ff 06425
27 06426
00 06427
11 06428
00 06429
12 06430
00 06431
bb 06432
1e 06433
04 06434
ff 06435
1b 06436
0f 06437
0c 06438
01 06439
08 06440
16 06441
11 06442
00 06443
d5 06444
05 06445
ca 06446
ff 06447
c9 06448
ff 06449
02 06450
04 06451
e8 06452
ff 06453
f6 06454
ff 06455
ae 06456
ff 06457
29 06458
00 06459
0c 06460
00 06461
15 06462
00 06463
bb 06464
1e 06465
04 06466
ff 06467
1b 06468
0f 06469
0c 06470
01 06471
08 06472
16 06473
11 06474
00 06475
db 06476
05 06477
d6 06478
ff 06479
b9 06480
ff 06481
ee 06482
03 06483
d8 06484
ff 06485
9e 06486
ff 06487
cd 06488
ff 06489
29 06490
00 06491
09 06492
00 06493
1a 06494
00 06495
bb 06496
1e 06497
04 06498
ff 06499
1b 06500
0f 06501
0c 06502
01 06503
08 06504
16 06505
11 06506
00 06507
e2 06508
05 06509
bb 06510
ff 06511
ca 06512
ff 06513
05 06514
04 06515
dc 06516
ff 06517
0f 06518
00 06519
be 06520
ff 06521
2a 06522
00 06523
14 06524
00 06525
17 06526
00 06527
bb 06528
1e 06529
04 06530
ff 06531
1b 06532
0f 06533
0c 06534
01 06535
08 06536
16 06537
11 06538
00 06539
e8 06540
05 06541
b0 06542
ff 06543
c7 06544
ff 06545
0e 06546
04 06547
f3 06548
ff 06549
23 06550
00 06551
9d 06552
ff 06553
2c 06554
00 06555
0b 06556
00 06557
1d 06558
00 06559
bb 06560
1e 06561
04 06562
ff 06563
1b 06564
0f 06565
0c 06566
01 06567
08 06568
16 06569
11 06570
00 06571
ee 06572
05 06573
ae 06574
ff 06575
cb 06576
ff 06577
fc 06578
03 06579
e1 06580
ff 06581
34 06582
00 06583
b6 06584
ff 06585
32 06586
00 06587
12 06588
00 06589
18 06590
00 06591
bb 06592
1e 06593
04 06594
ff 06595
1b 06596
0f 06597
0c 06598
01 06599
08 06600
16 06601
11 06602
00 06603
f4 06604
05 06605
9f 06606
ff 06607
c6 06608
ff 06609
0a 06610
04 06611
96 06612
ff 06613
93 06614
ff 06615
05 06616
00 06617
2c 06618
00 06619
0b 06620
00 06621
24 06622
00 06623
bb 06624
1e 06625
04 06626
ff 06627
1b 06628
0f 06629
0c 06630
01 06631
08 06632
16 06633
11 06634
00 06635
fb 06636
05 06637
c1 06638
ff 06639
bc 06640
ff 06641
0d 06642
04 06643
d0 06644
ff 06645
21 06646
00 06647
e1 06648
ff 06649
35 06650
00 06651
0e 06652
00 06653
1a 06654
00 06655
bb 06656
1e 06657
04 06658
ff 06659
1b 06660
0f 06661
0c 06662
01 06663
08 06664
16 06665
11 06666
00 06667
01 06668
06 06669
a9 06670
ff 06671
c1 06672
ff 06673
1c 06674
04 06675
9f 06676
ff 06677
fb 06678
ff 06679
d7 06680
ff 06681
30 06682
00 06683
14 06684
00 06685
23 06686
00 06687
bb 06688
1e 06689
04 06690
ff 06691
1b 06692
0f 06693
0c 06694
01 06695
08 06696
16 06697
11 06698
00 06699
07 06700
06 06701
b9 06702
ff 06703
a4 06704
ff 06705
05 06706
04 06707
d1 06708
ff 06709
7c 06710
ff 06711
22 06712
00 06713
36 06714
00 06715
12 06716
00 06717
23 06718
00 06719
bb 06720
1e 06721
04 06722
ff 06723
1b 06724
0f 06725
0c 06726
01 06727
08 06728
16 06729
11 06730
00 06731
0d 06732
06 06733
c6 06734
ff 06735
a8 06736
ff 06737
fd 06738
03 06739
ed 06740
ff 06741
ec 06742
ff 06743
e6 06744
ff 06745
35 06746
00 06747
11 06748
00 06749
20 06750
00 06751
bb 06752
1e 06753
04 06754
ff 06755
1b 06756
0f 06757
0c 06758
01 06759
08 06760
16 06761
11 06762
00 06763
14 06764
06 06765
b6 06766
ff 06767
aa 06768
ff 06769
dd 06770
03 06771
0b 06772
00 06773
95 06774
00 06775
dc 06776
ff 06777
32 06778
00 06779
12 06780
00 06781
20 06782
00 06783
bb 06784
1e 06785
04 06786
ff 06787
1b 06788
0f 06789
0c 06790
01 06791
08 06792
16 06793
11 06794
00 06795
1a 06796
06 06797
9d 06798
ff 06799
b4 06800
ff 06801
14 06802
04 06803
dc 06804
ff 06805
64 06806
00 06807
f3 06808
ff 06809
33 06810
00 06811
1b 06812
00 06813
2d 06814
00 06815
bb 06816
1e 06817
04 06818
ff 06819
1b 06820
0f 06821
0c 06822
01 06823
08 06824
16 06825
11 06826
00 06827
20 06828
06 06829
a7 06830
ff 06831
ac 06832
ff 06833
1a 06834
04 06835
d6 06836
ff 06837
74 06838
ff 06839
43 06840
00 06841
36 06842
00 06843
20 06844
00 06845
2f 06846
00 06847
bb 06848
1e 06849
04 06850
ff 06851
1b 06852
0f 06853
0c 06854
01 06855
08 06856
16 06857
11 06858
00 06859
26 06860
06 06861
78 06862
ff 06863
bf 06864
ff 06865
04 06866
04 06867
aa 06868
ff 06869
cd 06870
ff 06871
d0 06872
ff 06873
32 06874
00 06875
1b 06876
00 06877
2c 06878
00 06879
bb 06880
1e 06881
04 06882
ff 06883
1b 06884
0f 06885
0c 06886
01 06887
08 06888
16 06889
11 06890
00 06891
2d 06892
06 06893
bf 06894
ff 06895
a3 06896
ff 06897
fc 06898
03 06899
f0 06900
ff 06901
6b 06902
ff 06903
30 06904
00 06905
2f 06906
00 06907
1d 06908
00 06909
2d 06910
00 06911
bb 06912
1e 06913
04 06914
ff 06915
1b 06916
0f 06917
0c 06918
01 06919
08 06920
16 06921
11 06922
00 06923
33 06924
06 06925
b4 06926
ff 06927
ab 06928
ff 06929
03 06930
04 06931
36 06932
00 06933
ef 06934
ff 06935
0a 06936
00 06937
32 06938
00 06939
1d 06940
00 06941
32 06942
00 06943
bb 06944
1e 06945
04 06946
ff 06947
1b 06948
0f 06949
0c 06950
01 06951
08 06952
16 06953
11 06954
00 06955
39 06956
06 06957
b5 06958
ff 06959
a3 06960
ff 06961
ed 06962
03 06963
f2 06964
ff 06965
6b 06966
ff 06967
32 06968
00 06969
35 06970
00 06971
21 06972
00 06973
2f 06974
00 06975
bb 06976
1e 06977
04 06978
ff 06979
1b 06980
0f 06981
0c 06982
01 06983
08 06984
16 06985
11 06986
00 06987
3f 06988
06 06989
b4 06990
ff 06991
bc 06992
ff 06993
18 06994
04 06995
14 06996
00 06997
86 06998
ff 06999
f9 07000
ff 07001
36 07002
00 07003
1b 07004
00 07005
26 07006
00 07007
bb 07008
1e 07009
04 07010
ff 07011
1b 07012
0f 07013
0c 07014
01 07015
08 07016
16 07017
11 07018
00 07019
46 07020
06 07021
e1 07022
ff 07023
ae 07024
ff 07025
29 07026
04 07027
2d 07028
00 07029
66 07030
00 07031
bf 07032
ff 07033
38 07034
00 07035
1b 07036
00 07037
2f 07038
00 07039
bb 07040
1e 07041
04 07042
ff 07043
1b 07044
0f 07045
0c 07046
01 07047
08 07048
16 07049
11 07050
00 07051
4c 07052
06 07053
a3 07054
ff 07055
bb 07056
ff 07057
0e 07058
04 07059
20 07060
00 07061
d0 07062
ff 07063
ea 07064
ff 07065
29 07066
00 07067
2a 07068
00 07069
30 07070
00 07071
bb 07072
1e 07073
04 07074
ff 07075
1b 07076
0f 07077
0c 07078
01 07079
08 07080
16 07081
11 07082
00 07083
52 07084
06 07085
96 07086
ff 07087
b9 07088
ff 07089
fb 07090
03 07091
1a 07092
00 07093
a2 07094
ff 07095
c9 07096
ff 07097
30 07098
00 07099
1e 07100
00 07101
30 07102
00 07103
bb 07104
1e 07105
04 07106
ff 07107
1b 07108
0f 07109
0c 07110
01 07111
08 07112
16 07113
11 07114
00 07115
58 07116
06 07117
ad 07118
ff 07119
ad 07120
ff 07121
13 07122
04 07123
be 07124
ff 07125
60 07126
ff 07127
e5 07128
ff 07129
2c 07130
00 07131
27 07132
00 07133
2f 07134
00 07135
bb 07136
1e 07137
04 07138
ff 07139
1b 07140
0f 07141
0c 07142
01 07143
08 07144
16 07145
11 07146
00 07147
5f 07148
06 07149
d7 07150
ff 07151
9d 07152
ff 07153
07 07154
04 07155
06 07156
00 07157
bb 07158
ff 07159
7e 07160
ff 07161
36 07162
00 07163
26 07164
00 07165
2d 07166
00 07167
bb 07168
1e 07169
04 07170
ff 07171
1b 07172
0f 07173
0c 07174
01 07175
08 07176
16 07177
11 07178
00 07179
65 07180
06 07181
93 07182
ff 07183
b7 07184
ff 07185
f0 07186
03 07187
be 07188
ff 07189
a0 07190
ff 07191
b5 07192
ff 07193
33 07194
00 07195
23 07196
00 07197
35 07198
00 07199
bb 07200
1e 07201
04 07202
ff 07203
1b 07204
0f 07205
0c 07206
01 07207
08 07208
16 07209
11 07210
00 07211
6b 07212
06 07213
bc 07214
ff 07215
a6 07216
ff 07217
14 07218
04 07219
e9 07220
ff 07221
02 07222
00 07223
b0 07224
ff 07225
33 07226
00 07227
1d 07228
00 07229
35 07230
00 07231
bb 07232
1e 07233
04 07234
ff 07235
1b 07236
0f 07237
0c 07238
01 07239
08 07240
16 07241
11 07242
00 07243
71 07244
06 07245
cf 07246
ff 07247
96 07248
ff 07249
0d 07250
04 07251
0c 07252
00 07253
29 07254
00 07255
ab 07256
ff 07257
2f 07258
00 07259
1d 07260
00 07261
2f 07262
00 07263
bb 07264
1e 07265
04 07266
ff 07267
1b 07268
0f 07269
0c 07270
01 07271
08 07272
16 07273
11 07274
00 07275
78 07276
06 07277
ab 07278
ff 07279
ad 07280
ff 07281
06 07282
04 07283
08 07284
00 07285
6f 07286
00 07287
69 07288
ff 07289
3f 07290
00 07291
24 07292
00 07293
32 07294
00 07295
bb 07296
1e 07297
04 07298
ff 07299
1b 07300
0f 07301
0c 07302
01 07303
08 07304
16 07305
11 07306
00 07307
7e 07308
06 07309
ab 07310
ff 07311
ad 07312
ff 07313
0f 07314
04 07315
d9 07316
ff 07317
d1 07318
ff 07319
d0 07320
ff 07321
2d 07322
00 07323
26 07324
00 07325
41 07326
00 07327
bb 07328
1e 07329
04 07330
ff 07331
1b 07332
0f 07333
0c 07334
01 07335
08 07336
16 07337
11 07338
00 07339
84 07340
06 07341
a8 07342
ff 07343
b6 07344
ff 07345
3a 07346
04 07347
0a 07348
00 07349
cf 07350
ff 07351
c1 07352
ff 07353
33 07354
00 07355
23 07356
00 07357
38 07358
00 07359
bb 07360
1e 07361
04 07362
ff 07363
1b 07364
0f 07365
0c 07366
01 07367
08 07368
16 07369
11 07370
00 07371
8a 07372
06 07373
8c 07374
ff 07375
c5 07376
ff 07377
00 07378
04 07379
25 07380
00 07381
04 07382
00 07383
b1 07384
ff 07385
3b 07386
00 07387
27 07388
00 07389
45 07390
00 07391
bb 07392
1e 07393
04 07394
ff 07395
1b 07396
0f 07397
0c 07398
01 07399
08 07400
16 07401
11 07402
00 07403
91 07404
06 07405
99 07406
ff 07407
c9 07408
ff 07409
1b 07410
04 07411
cf 07412
ff 07413
f4 07414
ff 07415
01 07416
00 07417
39 07418
00 07419
23 07420
00 07421
41 07422
00 07423
bb 07424
1e 07425
04 07426
ff 07427
1b 07428
0f 07429
0c 07430
01 07431
08 07432
16 07433
11 07434
00 07435
97 07436
06 07437
b3 07438
ff 07439
ab 07440
ff 07441
03 07442
04 07443
15 07444
00 07445
e3 07446
ff 07447
30 07448
00 07449
32 07450
00 07451
24 07452
00 07453
3e 07454
00 07455
bb 07456
1e 07457
04 07458
ff 07459
1b 07460
0f 07461
0c 07462
01 07463
08 07464
16 07465
11 07466
00 07467
9d 07468
06 07469
c6 07470
ff 07471
9a 07472
ff 07473
fa 07474
03 07475
c5 07476
ff 07477
a9 07478
ff 07479
09 07480
00 07481
35 07482
00 07483
27 07484
00 07485
44 07486
00 07487
bb 07488
1e 07489
04 07490
ff 07491
1b 07492
0f 07493
0c 07494
01 07495
08 07496
16 07497
11 07498
00 07499
a3 07500
06 07501
ac 07502
ff 07503
ad 07504
ff 07505
f8 07506
03 07507
fe 07508
ff 07509
cc 07510
ff 07511
0c 07512
00 07513
3b 07514
00 07515
2f 07516
00 07517
47 07518
00 07519
bb 07520
1e 07521
04 07522
ff 07523
1b 07524
0f 07525
0c 07526
01 07527
08 07528
16 07529
11 07530
00 07531
aa 07532
06 07533
ba 07534
ff 07535
a0 07536
ff 07537
05 07538
04 07539
22 07540
00 07541
13 07542
00 07543
dc 07544
ff 07545
36 07546
00 07547
2c 07548
00 07549
45 07550
00 07551
bb 07552
1e 07553
04 07554
ff 07555
1b 07556
0f 07557
0c 07558
01 07559
08 07560
16 07561
11 07562
00 07563
b0 07564
06 07565
bd 07566
ff 07567
9b 07568
ff 07569
fb 07570
03 07571
dd 07572
ff 07573
ce 07574
ff 07575
bd 07576
ff 07577
35 07578
00 07579
2c 07580
00 07581
4a 07582
00 07583
bb 07584
1e 07585
04 07586
ff 07587
1b 07588
0f 07589
0c 07590
01 07591
08 07592
16 07593
11 07594
00 07595
b6 07596
06 07597
ba 07598
ff 07599
8e 07600
ff 07601
d7 07602
03 07603
2b 07604
00 07605
33 07606
00 07607
a2 07608
ff 07609
2a 07610
00 07611
38 07612
00 07613
4d 07614
00 07615
bb 07616
1e 07617
04 07618
ff 07619
1b 07620
0f 07621
0c 07622
01 07623
08 07624
16 07625
11 07626
00 07627
bc 07628
06 07629
a5 07630
ff 07631
9e 07632
ff 07633
db 07634
03 07635
ff 07636
ff 07637
d9 07638
ff 07639
e4 07640
ff 07641
35 07642
00 07643
3b 07644
00 07645
4d 07646
00 07647
bb 07648
1e 07649
04 07650
ff 07651
1b 07652
0f 07653
0c 07654
01 07655
08 07656
16 07657
11 07658
00 07659
c3 07660
06 07661
a8 07662
ff 07663
a4 07664
ff 07665
27 07666
04 07667
e2 07668
ff 07669
fa 07670
ff 07671
de 07672
ff 07673
33 07674
00 07675
32 07676
00 07677
51 07678
00 07679
bb 07680
1e 07681
04 07682
ff 07683
1b 07684
0f 07685
0c 07686
01 07687
08 07688
16 07689
11 07690
00 07691
c9 07692
06 07693
93 07694
ff 07695
bc 07696
ff 07697
29 07698
04 07699
17 07700
00 07701
51 07702
00 07703
b1 07704
ff 07705
36 07706
00 07707
3f 07708
00 07709
5c 07710
00 07711
bb 07712
1e 07713
04 07714
ff 07715
1b 07716
0f 07717
0c 07718
01 07719
08 07720
16 07721
11 07722
00 07723
cf 07724
06 07725
d3 07726
ff 07727
89 07728
ff 07729
23 07730
04 07731
1f 07732
00 07733
df 07734
ff 07735
e9 07736
ff 07737
30 07738
00 07739
3b 07740
00 07741
5d 07742
00 07743
bb 07744
1e 07745
04 07746
ff 07747
1b 07748
0f 07749
0c 07750
01 07751
08 07752
16 07753
11 07754
00 07755
d5 07756
06 07757
85 07758
ff 07759
ba 07760
ff 07761
16 07762
04 07763
2b 07764
00 07765
d5 07766
ff 07767
b5 07768
ff 07769
33 07770
00 07771
3b 07772
00 07773
5a 07774
00 07775
bb 07776
1e 07777
04 07778
ff 07779
1b 07780
0f 07781
0c 07782
01 07783
08 07784
16 07785
11 07786
00 07787
dc 07788
06 07789
a0 07790
ff 07791
b5 07792
ff 07793
16 07794
04 07795
42 07796
00 07797
bf 07798
ff 07799
d4 07800
ff 07801
3b 07802
00 07803
48 07804
00 07805
5d 07806
00 07807
bb 07808
1e 07809
04 07810
ff 07811
1b 07812
0f 07813
0c 07814
01 07815
08 07816
16 07817
11 07818
00 07819
e2 07820
06 07821
be 07822
ff 07823
97 07824
ff 07825
05 07826
04 07827
58 07828
00 07829
25 07830
00 07831
a3 07832
ff 07833
33 07834
00 07835
47 07836
00 07837
5c 07838
00 07839
bb 07840
1e 07841
04 07842
ff 07843
1b 07844
0f 07845
0c 07846
01 07847
08 07848
16 07849
11 07850
00 07851
e8 07852
06 07853
82 07854
ff 07855
c5 07856
ff 07857
fd 07858
03 07859
e8 07860
ff 07861
d2 07862
ff 07863
d5 07864
ff 07865
33 07866
00 07867
42 07868
00 07869
62 07870
00 07871
bb 07872
1e 07873
04 07874
ff 07875
1b 07876
0f 07877
0c 07878
01 07879
08 07880
16 07881
11 07882
00 07883
ee 07884
06 07885
a5 07886
ff 07887
b1 07888
ff 07889
06 07890
04 07891
d0 07892
ff 07893
c6 07894
ff 07895
0a 07896
00 07897
36 07898
00 07899
4a 07900
00 07901
62 07902
00 07903
bb 07904
1e 07905
04 07906
ff 07907
1b 07908
0f 07909
0c 07910
01 07911
08 07912
16 07913
11 07914
00 07915
f5 07916
06 07917
c9 07918
ff 07919
a7 07920
ff 07921
19 07922
04 07923
f7 07924
ff 07925
f8 07926
ff 07927
be 07928
ff 07929
35 07930
00 07931
47 07932
00 07933
65 07934
00 07935
bb 07936
1e 07937
04 07938
ff 07939
1b 07940
0f 07941
0c 07942
01 07943
08 07944
16 07945
11 07946
00 07947
fb 07948
06 07949
9c 07950
ff 07951
ab 07952
ff 07953
fa 07954
03 07955
26 07956
00 07957
f9 07958
ff 07959
80 07960
ff 07961
2d 07962
00 07963
48 07964
00 07965
68 07966
00 07967
bb 07968
1e 07969
04 07970
ff 07971
1b 07972
0f 07973
0c 07974
01 07975
08 07976
16 07977
11 07978
00 07979
01 07980
07 07981
89 07982
ff 07983
ba 07984
ff 07985
02 07986
04 07987
0d 07988
00 07989
02 07990
00 07991
b6 07992
ff 07993
3b 07994
00 07995
57 07996
00 07997
74 07998
00 07999
bb 08000
1e 08001
04 08002
ff 08003
1b 08004
0f 08005
0c 08006
01 08007
08 08008
16 08009
11 08010
00 08011
07 08012
07 08013
8d 08014
ff 08015
b0 08016
ff 08017
0e 08018
04 08019
e0 08020
ff 08021
f8 08022
ff 08023
b5 08024
ff 08025
38 08026
00 08027
50 08028
00 08029
71 08030
00 08031
bb 08032
1e 08033
04 08034
ff 08035
1b 08036
0f 08037
0c 08038
01 08039
08 08040
16 08041
11 08042
00 08043
0e 08044
07 08045
88 08046
ff 08047
b0 08048
ff 08049
08 08050
04 08051
bc 08052
ff 08053
aa 08054
ff 08055
0b 08056
00 08057
3c 08058
00 08059
54 08060
00 08061
7b 08062
00 08063
bb 08064
1e 08065
04 08066
ff 08067
1b 08068
0f 08069
0c 08070
01 08071
08 08072
16 08073
11 08074
00 08075
14 08076
07 08077
95 08078
ff 08079
a3 08080
ff 08081
13 08082
04 08083
f0 08084
ff 08085
fa 08086
ff 08087
db 08088
ff 08089
3b 08090
00 08091
5c 08092
00 08093
74 08094
00 08095
bb 08096
1e 08097
04 08098
ff 08099
1b 08100
0f 08101
0c 08102
01 08103
08 08104
16 08105
11 08106
00 08107
1a 08108
07 08109
8c 08110
ff 08111
a6 08112
ff 08113
07 08114
04 08115
05 08116
00 08117
07 08118
00 08119
f9 08120
ff 08121
39 08122
00 08123
57 08124
00 08125
7d 08126
00 08127
bb 08128
1e 08129
04 08130
ff 08131
1b 08132
0f 08133
0c 08134
01 08135
08 08136
16 08137
11 08138
00 08139
20 08140
07 08141
a0 08142
ff 08143
9e 08144
ff 08145
09 08146
04 08147
fb 08148
ff 08149
f1 08150
ff 08151
ed 08152
ff 08153
38 08154
00 08155
59 08156
00 08157
7d 08158
00 08159
bb 08160
1e 08161
04 08162
ff 08163
1b 08164
0f 08165
0c 08166
01 08167
08 08168
16 08169
11 08170
00 08171
27 08172
07 08173
a2 08174
ff 08175
9c 08176
ff 08177
f9 08178
03 08179
e2 08180
ff 08181
ec 08182
ff 08183
df 08184
ff 08185
3b 08186
00 08187
5f 08188
00 08189
81 08190
00 08191
bb 08192
1e 08193
04 08194
ff 08195
1b 08196
0f 08197
0c 08198
01 08199
08 08200
16 08201
11 08202
00 08203
2d 08204
07 08205
9d 08206
ff 08207
98 08208
ff 08209
e8 08210
03 08211
d8 08212
ff 08213
10 08214
00 08215
fe 08216
ff 08217
33 08218
00 08219
5f 08220
00 08221
87 08222
00 08223
bb 08224
1e 08225
04 08226
ff 08227
1b 08228
0f 08229
0c 08230
01 08231
08 08232
16 08233
11 08234
00 08235
33 08236
07 08237
96 08238
ff 08239
9d 08240
ff 08241
e7 08242
03 08243
9c 08244
ff 08245
cc 08246
ff 08247
14 08248
00 08249
38 08250
00 08251
68 08252
00 08253
8d 08254
00 08255
bb 08256
1e 08257
04 08258
ff 08259
1b 08260
0f 08261
0c 08262
01 08263
08 08264
16 08265
11 08266
00 08267
39 08268
07 08269
94 08270
ff 08271
af 08272
ff 08273
15 08274
04 08275
a2 08276
ff 08277
dc 08278
ff 08279
0e 08280
00 08281
30 08282
00 08283
68 08284
00 08285
8d 08286
00 08287
bb 08288
1e 08289
04 08290
ff 08291
1b 08292
0f 08293
0c 08294
01 08295
08 08296
16 08297
11 08298
00 08299
40 08300
07 08301
a3 08302
ff 08303
ab 08304
ff 08305
0a 08306
04 08307
d4 08308
ff 08309
8e 08310
ff 08311
5a 08312
00 08313
39 08314
00 08315
68 08316
00 08317
92 08318
00 08319
bb 08320
1e 08321
04 08322
ff 08323
1b 08324
0f 08325
0c 08326
01 08327
08 08328
16 08329
11 08330
00 08331
46 08332
07 08333
9e 08334
ff 08335
a3 08336
ff 08337
f2 08338
03 08339
fa 08340
ff 08341
a5 08342
ff 08343
6a 08344
00 08345
38 08346
00 08347
77 08348
00 08349
92 08350
00 08351
bb 08352
1e 08353
04 08354
ff 08355
1b 08356
0f 08357
0c 08358
01 08359
08 08360
16 08361
11 08362
00 08363
4c 08364
07 08365
af 08366
ff 08367
8e 08368
ff 08369
05 08370
04 08371
c9 08372
ff 08373
b6 08374
ff 08375
66 08376
00 08377
3b 08378
00 08379
6c 08380
00 08381
9c 08382
00 08383
bb 08384
1e 08385
04 08386
ff 08387
1b 08388
0f 08389
0c 08390
01 08391
08 08392
16 08393
11 08394
00 08395
52 08396
07 08397
ba 08398
ff 08399
8d 08400
ff 08401
16 08402
04 08403
2f 08404
00 08405
da 08406
ff 08407
00 08408
00 08409
2f 08410
00 08411
6f 08412
00 08413
9b 08414
00 08415
bb 08416
1e 08417
04 08418
ff 08419
1b 08420
0f 08421
0c 08422
01 08423
08 08424
16 08425
11 08426
00 08427
59 08428
07 08429
93 08430
ff 08431
95 08432
ff 08433
f3 08434
03 08435
42 08436
00 08437
fe 08438
ff 08439
f2 08440
ff 08441
32 08442
00 08443
86 08444
00 08445
9c 08446
00 08447
bb 08448
1e 08449
04 08450
ff 08451
1b 08452
0f 08453
0c 08454
01 08455
08 08456
16 08457
11 08458
00 08459
5f 08460
07 08461
a0 08462
ff 08463
9d 08464
ff 08465
0f 08466
04 08467
fc 08468
ff 08469
d3 08470
ff 08471
ca 08472
ff 08473
27 08474
00 08475
80 08476
00 08477
a1 08478
00 08479
bb 08480
1e 08481
04 08482
ff 08483
1b 08484
0f 08485
0c 08486
01 08487
08 08488
16 08489
11 08490
00 08491
65 08492
07 08493
98 08494
ff 08495
97 08496
ff 08497
0d 08498
04 08499
31 08500
00 08501
f7 08502
ff 08503
c3 08504
ff 08505
2f 08506
00 08507
8d 08508
00 08509
a7 08510
00 08511
bb 08512
1e 08513
04 08514
ff 08515
1b 08516
0f 08517
0c 08518
01 08519
08 08520
16 08521
11 08522
00 08523
6b 08524
07 08525
8a 08526
ff 08527
97 08528
ff 08529
f9 08530
03 08531
15 08532
00 08533
e3 08534
ff 08535
c9 08536
ff 08537
32 08538
00 08539
87 08540
00 08541
ab 08542
00 08543
bb 08544
1e 08545
04 08546
ff 08547
1b 08548
0f 08549
0c 08550
01 08551
08 08552
16 08553
11 08554
00 08555
72 08556
07 08557
76 08558
ff 08559
9e 08560
ff 08561
03 08562
04 08563
ec 08564
ff 08565
eb 08566
ff 08567
c7 08568
ff 08569
36 08570
00 08571
96 08572
00 08573
b7 08574
00 08575
bb 08576
1e 08577
04 08578
ff 08579
1b 08580
0f 08581
0c 08582
01 08583
08 08584
16 08585
11 08586
00 08587
78 08588
07 08589
66 08590
ff 08591
9d 08592
ff 08593
fd 08594
03 08595
be 08596
ff 08597
c5 08598
ff 08599
06 08600
00 08601
30 08602
00 08603
96 08604
00 08605
b4 08606
00 08607
bb 08608
1e 08609
04 08610
ff 08611
1b 08612
0f 08613
0c 08614
01 08615
08 08616
16 08617
11 08618
00 08619
7e 08620
07 08621
6c 08622
ff 08623
92 08624
ff 08625
03 08626
04 08627
9f 08628
ff 08629
8a 08630
ff 08631
48 08632
00 08633
2d 08634
00 08635
96 08636
00 08637
b9 08638
00 08639
bb 08640
1e 08641
04 08642
ff 08643
1b 08644
0f 08645
0c 08646
01 08647
08 08648
16 08649
11 08650
00 08651
84 08652
07 08653
78 08654
ff 08655
82 08656
ff 08657
06 08658
04 08659
c5 08660
ff 08661
14 08662
00 08663
13 08664
00 08665
30 08666
00 08667
95 08668
00 08669
ae 08670
00 08671
bb 08672
1e 08673
04 08674
ff 08675
1b 08676
0f 08677
0c 08678
01 08679
08 08680
16 08681
11 08682
00 08683
8b 08684
07 08685
4b 08686
ff 08687
a2 08688
ff 08689
02 08690
04 08691
2d 08692
ff 08693
1b 08694
ff 08695
ae 08696
00 08697
38 08698
00 08699
8d 08700
00 08701
aa 08702
00 08703
bb 08704
1e 08705
04 08706
ff 08707
1b 08708
0f 08709
0c 08710
01 08711
08 08712
16 08713
11 08714
00 08715
91 08716
07 08717
b8 08718
ff 08719
6a 08720
ff 08721
33 08722
04 08723
c4 08724
ff 08725
4c 08726
ff 08727
a9 08728
00 08729
30 08730
00 08731
87 08732
00 08733
a4 08734
00 08735
bb 08736
1e 08737
04 08738
ff 08739
1b 08740
0f 08741
0c 08742
01 08743
08 08744
16 08745
11 08746
00 08747
97 08748
07 08749
a5 08750
ff 08751
64 08752
ff 08753
1b 08754
04 08755
46 08756
00 08757
bf 08758
ff 08759
2a 08760
00 08761
2f 08762
00 08763
83 08764
00 08765
a2 08766
00 08767
bb 08768
1e 08769
04 08770
ff 08771
1b 08772
0f 08773
0c 08774
01 08775
08 08776
16 08777
11 08778
00 08779
9d 08780
07 08781
70 08782
ff 08783
97 08784
ff 08785
1a 08786
04 08787
30 08788
00 08789
e1 08790
ff 08791
bf 08792
ff 08793
2c 08794
00 08795
72 08796
00 08797
8f 08798
00 08799
bb 08800
1e 08801
04 08802
ff 08803
1b 08804
0f 08805
0c 08806
01 08807
08 08808
16 08809
11 08810
00 08811
a4 08812
07 08813
70 08814
ff 08815
93 08816
ff 08817
f6 08818
03 08819
2c 08820
00 08821
c0 08822
ff 08823
01 08824
00 08825
2c 08826
00 08827
6c 08828
00 08829
87 08830
00 08831
bb 08832
1e 08833
04 08834
ff 08835
1b 08836
0f 08837
0c 08838
01 08839
08 08840
16 08841
11 08842
00 08843
aa 08844
07 08845
92 08846
ff 08847
8b 08848
ff 08849
f1 08850
03 08851
12 08852
00 08853
6c 08854
ff 08855
64 08856
00 08857
39 08858
00 08859
6c 08860
00 08861
81 08862
00 08863
bb 08864
1e 08865
04 08866
ff 08867
1b 08868
0f 08869
0c 08870
01 08871
08 08872
16 08873
11 08874
00 08875
b0 08876
07 08877
93 08878
ff 08879
77 08880
ff 08881
e7 08882
03 08883
1f 08884
00 08885
f2 08886
ff 08887
ff 08888
ff 08889
33 08890
00 08891
5f 08892
00 08893
78 08894
00 08895
bb 08896
1e 08897
04 08898
ff 08899
1b 08900
0f 08901
0c 08902
01 08903
08 08904
16 08905
11 08906
00 08907
b6 08908
07 08909
8f 08910
ff 08911
8b 08912
ff 08913
df 08914
03 08915
ab 08916
ff 08917
7a 08918
ff 08919
35 08920
00 08921
32 08922
00 08923
59 08924
00 08925
74 08926
00 08927
03 08928
ISR @0 6
evt ff evtlen 03
"EVT_VENDOR"
ecode 0001
SENDCMD @8 4 0 ogf 4 ocf 1 OGF_INFO_PARAM OCF_READ_LOCAL_VERSION plen 0
ISR @15 15
evt 0e evtlen 0c
"EVT_CMD_COMPLETE_CODE"
[04,001]
status 00
hci_version 07
hci_revision 3107
lmp_pal_version 07
manufacturer name 0030
lmp_pal_subversion 2323
ISR @32 6
evt ff evtlen 03
"EVT_VENDOR"
ecode 0001
SENDCMD @40 4 8 ogf 3f ocf c OGF_VENDOR_CMD OCF_HAL_WRITE_CONFIG_DATA plen 8
ISR @55 7
evt 0e evtlen 04
"EVT_CMD_COMPLETE_CODE"
[3f,00c]
status 00
SENDCMD @64 4 0 ogf 3f ocf 101 OGF_VENDOR_CMD OCF_GATT_INIT plen 0
ISR @71 7
evt 0e evtlen 04
"EVT_CMD_COMPLETE_CODE"
[3f,101]
status 00
SENDCMD @80 4 3 ogf 3f ocf 8a OGF_VENDOR_CMD OCF_GAP_INIT plen 3
ISR @90 13
evt 0e evtlen 0a
"EVT_CMD_COMPLETE_CODE"
[3f,08a]
status 00
service_handle 0005
dev_name_char_handle 0006
appearance_char_handle 0008
SENDCMD @105 4 6 ogf 8 ocf 5 OGF_LE_CTL OCF_LE_SET_RANDOM_ADDRESS plen 6
ISR @118 7
evt 0e evtlen 04
"EVT_CMD_COMPLETE_CODE"
[08,005]
status 00
SENDCMD @127 4 13 ogf 3f ocf 106 OGF_VENDOR_CMD OCF_GATT_UPD_CHAR_VAL plen 13
ts 6b4d: servh 0005 charh 0006 cvo 0 cvl 7
41 64 61 20 43 
ISR @147 7
evt 0e evtlen 04
"EVT_CMD_COMPLETE_CODE"
[3f,106]
status 00
SENDCMD @156 4 26 ogf 3f ocf 86 OGF_VENDOR_CMD OCF_GAP_SET_AUTH_REQUIREMENT plen 26
ISR @189 7
evt 0e evtlen 04
"EVT_CMD_COMPLETE_CODE"
[3f,086]
status 00
SENDCMD @198 4 2 ogf 3f ocf f OGF_VENDOR_CMD OCF_HAL_SET_TX_POWER_LEVEL plen 2
ISR @207 7
evt 0e evtlen 04
"EVT_CMD_COMPLETE_CODE"
[3f,00f]
status 00
SENDCMD @216 4 6 ogf 3f ocf 97 OGF_VENDOR_CMD OCF_GAP_START_GENERAL_DISCOVERY_PROC plen 6
ISR @229 7
evt 0f evtlen 04
ISR @238 28
evt 3e evtlen 19
"EVT_LE_META_EVENT"
subevent 19
ISR @268 15
evt 3e evtlen 0c
"EVT_LE_META_EVENT"
subevent 0c
ISR @285 25
evt 3e evtlen 16
"EVT_LE_META_EVENT"
subevent 16
ISR @312 25
evt 3e evtlen 16
"EVT_LE_META_EVENT"
subevent 16
ISR @339 28
evt 3e evtlen 19
"EVT_LE_META_EVENT"
subevent 19
ISR @369 25
evt 3e evtlen 16
"EVT_LE_META_EVENT"
subevent 16
ISR @396 46
evt 3e evtlen 2b
"EVT_LE_META_EVENT"
subevent 2b
ISR @444 25
evt 3e evtlen 16
"EVT_LE_META_EVENT"
subevent 16
ISR @471 28
evt 3e evtlen 19
"EVT_LE_META_EVENT"
subevent 19
ISR @501 15
evt 3e evtlen 0c
"EVT_LE_META_EVENT"
subevent 0c
ISR @518 46
evt 3e evtlen 2b
"EVT_LE_META_EVENT"
subevent 2b
ISR @566 28
evt 3e evtlen 19
"EVT_LE_META_EVENT"
subevent 19
ISR @596 28
evt 3e evtlen 19
"EVT_LE_META_EVENT"
subevent 19
ISR @626 46
evt 3e evtlen 2b
"EVT_LE_META_EVENT"
subevent 2b
ISR @674 15
evt 3e evtlen 0c
"EVT_LE_META_EVENT"
subevent 0c
ISR @691 25
evt 3e evtlen 16
"EVT_LE_META_EVENT"
subevent 16
ISR @718 28
evt 3e evtlen 19
"EVT_LE_META_EVENT"
subevent 19
ISR @748 46
evt 3e evtlen 2b
"EVT_LE_META_EVENT"
subevent 2b
ISR @796 28
evt 3e evtlen 19
"EVT_LE_META_EVENT"
subevent 19
ISR @826 25
evt 3e evtlen 16
"EVT_LE_META_EVENT"
subevent 16
ISR @853 46
evt 3e evtlen 2b
"EVT_LE_META_EVENT"
subevent 2b
ISR @901 28
evt 3e evtlen 19
"EVT_LE_META_EVENT"
subevent 19
ISR @931 46
evt 3e evtlen 2b
"EVT_LE_META_EVENT"
subevent 2b
ISR @979 28
evt 3e evtlen 19
"EVT_LE_META_EVENT"
subevent 19
ISR @1009 28
evt 3e evtlen 19
"EVT_LE_META_EVENT"
subevent 19
ISR @1039 46
evt 3e evtlen 2b
"EVT_LE_META_EVENT"
subevent 2b
ISR @1087 28
evt 3e evtlen 19
"EVT_LE_META_EVENT"
subevent 19
ISR @1117 25
evt 3e evtlen 16
"EVT_LE_META_EVENT"
subevent 16
ISR @1144 28
evt 3e evtlen 19
"EVT_LE_META_EVENT"
subevent 19
ISR @1174 15
evt 3e evtlen 0c
"EVT_LE_META_EVENT"
subevent 0c
ISR @1191 46
evt 3e evtlen 2b
"EVT_LE_META_EVENT"
subevent 2b
ISR @1239 28
evt 3e evtlen 19
"EVT_LE_META_EVENT"
subevent 19
ISR @1269 46
evt 3e evtlen 2b
"EVT_LE_META_EVENT"
subevent 2b
ISR @1317 15
evt 3e evtlen 0c
"EVT_LE_META_EVENT"
subevent 0c
ISR @1334 25
evt 3e evtlen 16
"EVT_LE_META_EVENT"
subevent 16
ISR @1361 25
evt 3e evtlen 16
"EVT_LE_META_EVENT"
subevent 16
ISR @1388 28
evt 3e evtlen 19
"EVT_LE_META_EVENT"
subevent 19
ISR @1418 28
evt 3e evtlen 19
"EVT_LE_META_EVENT"
subevent 19
ISR @1448 46
evt 3e evtlen 2b
"EVT_LE_META_EVENT"
subevent 2b
ISR @1496 28
evt 3e evtlen 19
"EVT_LE_META_EVENT"
subevent 19
ISR @1526 46
evt 3e evtlen 2b
"EVT_LE_META_EVENT"
subevent 2b
ISR @1574 28
evt 3e evtlen 19
"EVT_LE_META_EVENT"
subevent 19
ISR @1604 28
evt 3e evtlen 19
"EVT_LE_META_EVENT"
subevent 19
ISR @1634 46
evt 3e evtlen 2b
"EVT_LE_META_EVENT"
subevent 2b
ISR @1682 44
evt 3e evtlen 29
"EVT_LE_META_EVENT"
subevent 29
ISR @1728 15
evt 3e evtlen 0c
"EVT_LE_META_EVENT"
subevent 0c
SENDCMD @1745 4 1 ogf 3f ocf 9d OGF_VENDOR_CMD OCF_GAP_TERMINATE_GAP_PROCEDURE plen 1
ISR @1753 7
evt ff evtlen 04
"EVT_VENDOR"
ecode 0407
ISR @1762 7
evt 0e evtlen 04
"EVT_CMD_COMPLETE_CODE"
[3f,09d]
status 00
SENDCMD @1771 4 24 ogf 3f ocf 9c OGF_VENDOR_CMD OCF_GAP_CREATE_CONNECTION plen 24
ISR @1802 7
evt 0f evtlen 04
ISR @1811 7
evt ff evtlen 04
"EVT_VENDOR"
ecode 0407
ISR @1820 22
evt 3e evtlen 13
"EVT_LE_META_EVENT"
subevent 13
ISR @1844 19
evt ff evtlen 10
"EVT_VENDOR"
ecode 0802
conn_handle 0801
len 0b
id 01
l2cap len 0008
interval min 0008
interval max 0011
slave_latency 0000
timeout_mult 0190
SENDCMD @1865 4 16 ogf 3f ocf 182 OGF_VENDOR_CMD OCF_L2CAP_CONN_PARAM_UPDATE_RESP plen 16
ISR @1888 7
evt 0e evtlen 04
"EVT_CMD_COMPLETE_CODE"
[3f,182]
status 00
SENDCMD @1897 4 23 ogf 3f ocf 116 OGF_VENDOR_CMD OCF_GATT_DISC_CHARAC_BY_UUID plen 23
ISR @1927 7
evt 0f evtlen 04
SENDCMD @1936 4 7 ogf 3f ocf 121 OGF_VENDOR_CMD OCF_GATT_WRITE_CHAR_DESCRIPTOR plen 7
ISR @1950 7
evt 0f evtlen 04
SENDCMD @1959 4 7 ogf 3f ocf 121 OGF_VENDOR_CMD OCF_GATT_WRITE_CHAR_DESCRIPTOR plen 7
ISR @1973 7
evt 0f evtlen 04
SENDCMD @1982 4 7 ogf 3f ocf 121 OGF_VENDOR_CMD OCF_GATT_WRITE_CHAR_DESCRIPTOR plen 7
ISR @1996 7
evt 0f evtlen 04
SENDCMD @2005 4 7 ogf 3f ocf 121 OGF_VENDOR_CMD OCF_GATT_WRITE_CHAR_DESCRIPTOR plen 7
ISR @2019 7
evt 0f evtlen 04
ISR @2028 13
evt 3e evtlen 0a
"EVT_LE_META_EVENT"
subevent 0a
SENDCMD @2043 4 7 ogf 3f ocf 121 OGF_VENDOR_CMD OCF_GATT_WRITE_CHAR_DESCRIPTOR plen 7
ISR @2057 7
evt 0f evtlen 04
SENDCMD @2066 4 7 ogf 3f ocf 121 OGF_VENDOR_CMD OCF_GATT_WRITE_CHAR_DESCRIPTOR plen 7
ISR @2080 7
evt 0f evtlen 04
SENDCMD @2089 4 7 ogf 3f ocf 121 OGF_VENDOR_CMD OCF_GATT_WRITE_CHAR_DESCRIPTOR plen 7
ISR @2103 7
evt 0f evtlen 04
SENDCMD @2112 4 7 ogf 3f ocf 121 OGF_VENDOR_CMD OCF_GATT_WRITE_CHAR_DESCRIPTOR plen 7
ISR @2126 7
evt 0f evtlen 04
SENDCMD @2135 4 7 ogf 3f ocf 121 OGF_VENDOR_CMD OCF_GATT_WRITE_CHAR_DESCRIPTOR plen 7
ISR @2149 7
evt 0f evtlen 04
SENDCMD @2158 4 7 ogf 3f ocf 121 OGF_VENDOR_CMD OCF_GATT_WRITE_CHAR_DESCRIPTOR plen 7
ISR @2172 7
evt 0f evtlen 04
ISR @2181 12
evt ff evtlen 09
"EVT_VENDOR"
ecode 0c11
conn_handle 0801
Len 04
Req 08
attr_handle 003d
Error 0a
ISR @2195 9
evt ff evtlen 06
"EVT_VENDOR"
ecode 0c10
SENDCMD @2206 4 7 ogf 3f ocf 121 OGF_VENDOR_CMD OCF_GATT_WRITE_CHAR_DESCRIPTOR plen 7
ISR @2220 7
evt 0f evtlen 04
ISR @2229 9
evt ff evtlen 06
"EVT_VENDOR"
ecode 0c10
ISR @2240 30
evt ff evtlen 1b
"EVT_VENDOR"
ecode 0c0f
ISR @2272 30
evt ff evtlen 1b
"EVT_VENDOR"
ecode 0c0f
ISR @2304 30
evt ff evtlen 1b
"EVT_VENDOR"
ecode 0c0f
ISR @2336 30
evt ff evtlen 1b
"EVT_VENDOR"
ecode 0c0f
ISR @2368 30
evt ff evtlen 1b
"EVT_VENDOR"
ecode 0c0f
ISR @2400 30
evt ff evtlen 1b
"EVT_VENDOR"
ecode 0c0f
ISR @2432 30
evt ff evtlen 1b
"EVT_VENDOR"
ecode 0c0f
ISR @2464 30
evt ff evtlen 1b
"EVT_VENDOR"
ecode 0c0f
ISR @2496 30
evt ff evtlen 1b
"EVT_VENDOR"
ecode 0c0f
ISR @2528 30
evt ff evtlen 1b
"EVT_VENDOR"
ecode 0c0f
ISR @2560 30
evt ff evtlen 1b
"EVT_VENDOR"
ecode 0c0f
ISR @2592 30
evt ff evtlen 1b
"EVT_VENDOR"
ecode 0c0f
ISR @2624 30
evt ff evtlen 1b
"EVT_VENDOR"
ecode 0c0f
ISR @2656 30
evt ff evtlen 1b
"EVT_VENDOR"
ecode 0c0f
ISR @2688 30
evt ff evtlen 1b
"EVT_VENDOR"
ecode 0c0f
ISR @2720 30
evt ff evtlen 1b
"EVT_VENDOR"
ecode 0c0f
ISR @2752 30
evt ff evtlen 1b
"EVT_VENDOR"
ecode 0c0f
ISR @2784 30
evt ff evtlen 1b
"EVT_VENDOR"
ecode 0c0f
ISR @2816 30
evt ff evtlen 1b
"EVT_VENDOR"
ecode 0c0f
ISR @2848 30
evt ff evtlen 1b
"EVT_VENDOR"
ecode 0c0f
ISR @2880 30
evt ff evtlen 1b
"EVT_VENDOR"
ecode 0c0f
ISR @2912 30
evt ff evtlen 1b
"EVT_VENDOR"
ecode 0c0f
ISR @2944 30
evt ff evtlen 1b
"EVT_VENDOR"
ecode 0c0f
ISR @2976 30
evt ff evtlen 1b
"EVT_VENDOR"
ecode 0c0f
ISR @3008 30
evt ff evtlen 1b
"EVT_VENDOR"
ecode 0c0f
ISR @3040 30
evt ff evtlen 1b
"EVT_VENDOR"
ecode 0c0f
ISR @3072 30
evt ff evtlen 1b
"EVT_VENDOR"
ecode 0c0f
ISR @3104 30
evt ff evtlen 1b
"EVT_VENDOR"
ecode 0c0f
ISR @3136 30
evt ff evtlen 1b
"EVT_VENDOR"
ecode 0c0f
ISR @3168 30
evt ff evtlen 1b
"EVT_VENDOR"
ecode 0c0f
ISR @3200 30
evt ff evtlen 1b
"EVT_VENDOR"
ecode 0c0f
ISR @3232 30
evt ff evtlen 1b
"EVT_VENDOR"
ecode 0c0f
ISR @3264 30
evt ff evtlen 1b
"EVT_VENDOR"
ecode 0c0f
ISR @3296 30
evt ff evtlen 1b
"EVT_VENDOR"
ecode 0c0f
ISR @3328 30
evt ff evtlen 1b
"EVT_VENDOR"
ecode 0c0f
ISR @3360 30
evt ff evtlen 1b
"EVT_VENDOR"
ecode 0c0f
ISR @3392 30
evt ff evtlen 1b
"EVT_VENDOR"
ecode 0c0f
ISR @3424 30
evt ff evtlen 1b
"EVT_VENDOR"
ecode 0c0f
ISR @3456 30
evt ff evtlen 1b
"EVT_VENDOR"
ecode 0c0f
ISR @3488 30
evt ff evtlen 1b
"EVT_VENDOR"
ecode 0c0f
ISR @3520 30
evt ff evtlen 1b
"EVT_VENDOR"
ecode 0c0f
ISR @3552 30
evt ff evtlen 1b
"EVT_VENDOR"
ecode 0c0f
ISR @3584 30
evt ff evtlen 1b
"EVT_VENDOR"
ecode 0c0f
ISR @3616 30
evt ff evtlen 1b
"EVT_VENDOR"
ecode 0c0f
ISR @3648 30
evt ff evtlen 1b
"EVT_VENDOR"
ecode 0c0f
ISR @3680 30
evt ff evtlen 1b
"EVT_VENDOR"
ecode 0c0f
ISR @3712 30
evt ff evtlen 1b
"EVT_VENDOR"
ecode 0c0f
ISR @3744 30
evt ff evtlen 1b
"EVT_VENDOR"
ecode 0c0f
ISR @3776 30
evt ff evtlen 1b
"EVT_VENDOR"
ecode 0c0f
ISR @3808 30
evt ff evtlen 1b
"EVT_VENDOR"
ecode 0c0f
ISR @3840 30
evt ff evtlen 1b
"EVT_VENDOR"
ecode 0c0f
ISR @3872 30
evt ff evtlen 1b
"EVT_VENDOR"
ecode 0c0f
ISR @3904 30
evt ff evtlen 1b
"EVT_VENDOR"
ecode 0c0f
ISR @3936 30
evt ff evtlen 1b
"EVT_VENDOR"
ecode 0c0f
ISR @3968 30
evt ff evtlen 1b
"EVT_VENDOR"
ecode 0c0f
ISR @4000 30
evt ff evtlen 1b
"EVT_VENDOR"
ecode 0c0f
ISR @4032 30
evt ff evtlen 1b
"EVT_VENDOR"
ecode 0c0f
ISR @4064 30
evt ff evtlen 1b
"EVT_VENDOR"
ecode 0c0f
ISR @4096 30
evt ff evtlen 1b
"EVT_VENDOR"
ecode 0c0f
ISR @4128 30
evt ff evtlen 1b
"EVT_VENDOR"
ecode 0c0f
ISR @4160 30
evt ff evtlen 1b
"EVT_VENDOR"
ecode 0c0f
ISR @4192 30
evt ff evtlen 1b
"EVT_VENDOR"
ecode 0c0f
ISR @4224 30
evt ff evtlen 1b
"EVT_VENDOR"
ecode 0c0f
ISR @4256 30
evt ff evtlen 1b
"EVT_VENDOR"
ecode 0c0f
ISR @4288 30
evt ff evtlen 1b
"EVT_VENDOR"
ecode 0c0f
ISR @4320 30
evt ff evtlen 1b
"EVT_VENDOR"
ecode 0c0f
ISR @4352 30
evt ff evtlen 1b
"EVT_VENDOR"
ecode 0c0f
ISR @4384 30
evt ff evtlen 1b
"EVT_VENDOR"
ecode 0c0f
ISR @4416 30
evt ff evtlen 1b
"EVT_VENDOR"
ecode 0c0f
ISR @4448 30
evt ff evtlen 1b
"EVT_VENDOR"
ecode 0c0f
ISR @4480 30
evt ff evtlen 1b
"EVT_VENDOR"
ecode 0c0f
ISR @4512 30
evt ff evtlen 1b
"EVT_VENDOR"
ecode 0c0f
ISR @4544 30
evt ff evtlen 1b
"EVT_VENDOR"
ecode 0c0f
ISR @4576 30
evt ff evtlen 1b
"EVT_VENDOR"
ecode 0c0f
ISR @4608 30
evt ff evtlen 1b
"EVT_VENDOR"
ecode 0c0f
ISR @4640 30
evt ff evtlen 1b
"EVT_VENDOR"
ecode 0c0f
ISR @4672 30
evt ff evtlen 1b
"EVT_VENDOR"
ecode 0c0f
ISR @4704 30
evt ff evtlen 1b
"EVT_VENDOR"
ecode 0c0f
ISR @4736 30
evt ff evtlen 1b
"EVT_VENDOR"
ecode 0c0f
ISR @4768 30
evt ff evtlen 1b
"EVT_VENDOR"
ecode 0c0f
ISR @4800 30
evt ff evtlen 1b
"EVT_VENDOR"
ecode 0c0f
ISR @4832 30
evt ff evtlen 1b
"EVT_VENDOR"
ecode 0c0f
ISR @4864 30
evt ff evtlen 1b
"EVT_VENDOR"
ecode 0c0f
ISR @4896 30
evt ff evtlen 1b
"EVT_VENDOR"
ecode 0c0f
ISR @4928 30
evt ff evtlen 1b
"EVT_VENDOR"
ecode 0c0f
ISR @4960 30
evt ff evtlen 1b
"EVT_VENDOR"
ecode 0c0f
ISR @4992 30
evt ff evtlen 1b
"EVT_VENDOR"
ecode 0c0f
ISR @5024 30
evt ff evtlen 1b
"EVT_VENDOR"
ecode 0c0f
ISR @5056 30
evt ff evtlen 1b
"EVT_VENDOR"
ecode 0c0f
ISR @5088 30
evt ff evtlen 1b
"EVT_VENDOR"
ecode 0c0f
ISR @5120 30
evt ff evtlen 1b
"EVT_VENDOR"
ecode 0c0f
ISR @5152 30
evt ff evtlen 1b
"EVT_VENDOR"
ecode 0c0f
ISR @5184 30
evt ff evtlen 1b
"EVT_VENDOR"
ecode 0c0f
ISR @5216 30
evt ff evtlen 1b
"EVT_VENDOR"
ecode 0c0f
ISR @5248 30
evt ff evtlen 1b
"EVT_VENDOR"
ecode 0c0f
ISR @5280 30
evt ff evtlen 1b
"EVT_VENDOR"
ecode 0c0f
ISR @5312 30
evt ff evtlen 1b
"EVT_VENDOR"
ecode 0c0f
ISR @5344 30
evt ff evtlen 1b
"EVT_VENDOR"
ecode 0c0f
ISR @5376 30
evt ff evtlen 1b
"EVT_VENDOR"
ecode 0c0f
ISR @5408 30
evt ff evtlen 1b
"EVT_VENDOR"
ecode 0c0f
ISR @5440 30
evt ff evtlen 1b
"EVT_VENDOR"
ecode 0c0f
ISR @5472 30
evt ff evtlen 1b
"EVT_VENDOR"
ecode 0c0f
ISR @5504 30
evt ff evtlen 1b
"EVT_VENDOR"
ecode 0c0f
ISR @5536 30
evt ff evtlen 1b
"EVT_VENDOR"
ecode 0c0f
ISR @5568 30
evt ff evtlen 1b
"EVT_VENDOR"
ecode 0c0f
ISR @5600 30
evt ff evtlen 1b
"EVT_VENDOR"
ecode 0c0f
ISR @5632 30
evt ff evtlen 1b
"EVT_VENDOR"
ecode 0c0f
ISR @5664 30
evt ff evtlen 1b
"EVT_VENDOR"
ecode 0c0f
ISR @5696 30
evt ff evtlen 1b
"EVT_VENDOR"
ecode 0c0f
ISR @5728 30
evt ff evtlen 1b
"EVT_VENDOR"
ecode 0c0f
ISR @5760 30
evt ff evtlen 1b
"EVT_VENDOR"
ecode 0c0f
ISR @5792 30
evt ff evtlen 1b
"EVT_VENDOR"
ecode 0c0f
ISR @5824 30
evt ff evtlen 1b
"EVT_VENDOR"
ecode 0c0f
ISR @5856 30
evt ff evtlen 1b
"EVT_VENDOR"
ecode 0c0f
ISR @5888 30
evt ff evtlen 1b
"EVT_VENDOR"
ecode 0c0f
ISR @5920 30
evt ff evtlen 1b
"EVT_VENDOR"
ecode 0c0f
ISR @5952 30
evt ff evtlen 1b
"EVT_VENDOR"
ecode 0c0f
ISR @5984 30
evt ff evtlen 1b
"EVT_VENDOR"
ecode 0c0f
ISR @6016 30
evt ff evtlen 1b
"EVT_VENDOR"
ecode 0c0f
ISR @6048 30
evt ff evtlen 1b
"EVT_VENDOR"
ecode 0c0f
ISR @6080 30
evt ff evtlen 1b
"EVT_VENDOR"
ecode 0c0f
ISR @6112 30
evt ff evtlen 1b
"EVT_VENDOR"
ecode 0c0f
ISR @6144 30
evt ff evtlen 1b
"EVT_VENDOR"
ecode 0c0f
ISR @6176 30
evt ff evtlen 1b
"EVT_VENDOR"
ecode 0c0f
ISR @6208 30
evt ff evtlen 1b
"EVT_VENDOR"
ecode 0c0f
ISR @6240 30
evt ff evtlen 1b
"EVT_VENDOR"
ecode 0c0f
ISR @6272 30
evt ff evtlen 1b
"EVT_VENDOR"
ecode 0c0f
ISR @6304 30
evt ff evtlen 1b
"EVT_VENDOR"
ecode 0c0f
ISR @6336 30
evt ff evtlen 1b
"EVT_VENDOR"
ecode 0c0f
ISR @6368 30
evt ff evtlen 1b
"EVT_VENDOR"
ecode 0c0f
ISR @6400 30
evt ff evtlen 1b
"EVT_VENDOR"
ecode 0c0f
ISR @6432 30
evt ff evtlen 1b
"EVT_VENDOR"
ecode 0c0f
ISR @6464 30
evt ff evtlen 1b
"EVT_VENDOR"
ecode 0c0f
ISR @6496 30
evt ff evtlen 1b
"EVT_VENDOR"
ecode 0c0f
ISR @6528 30
evt ff evtlen 1b
"EVT_VENDOR"
ecode 0c0f
ISR @6560 30
evt ff evtlen 1b
"EVT_VENDOR"
ecode 0c0f
ISR @6592 30
evt ff evtlen 1b
"EVT_VENDOR"
ecode 0c0f
ISR @6624 30
evt ff evtlen 1b
"EVT_VENDOR"
ecode 0c0f
ISR @6656 30
evt ff evtlen 1b
"EVT_VENDOR"
ecode 0c0f
ISR @6688 30
evt ff evtlen 1b
"EVT_VENDOR"
ecode 0c0f
ISR @6720 30
evt ff evtlen 1b
"EVT_VENDOR"
ecode 0c0f
ISR @6752 30
evt ff evtlen 1b
"EVT_VENDOR"
ecode 0c0f
ISR @6784 30
evt ff evtlen 1b
"EVT_VENDOR"
ecode 0c0f
ISR @6816 30
evt ff evtlen 1b
"EVT_VENDOR"
ecode 0c0f
ISR @6848 30
evt ff evtlen 1b
"EVT_VENDOR"
ecode 0c0f
ISR @6880 30
evt ff evtlen 1b
"EVT_VENDOR"
ecode 0c0f
ISR @6912 30
evt ff evtlen 1b
"EVT_VENDOR"
ecode 0c0f
ISR @6944 30
evt ff evtlen 1b
"EVT_VENDOR"
ecode 0c0f
ISR @6976 30
evt ff evtlen 1b
"EVT_VENDOR"
ecode 0c0f
ISR @7008 30
evt ff evtlen 1b
"EVT_VENDOR"
ecode 0c0f
ISR @7040 30
evt ff evtlen 1b
"EVT_VENDOR"
ecode 0c0f
ISR @7072 30
evt ff evtlen 1b
"EVT_VENDOR"
ecode 0c0f
ISR @7104 30
evt ff evtlen 1b
"EVT_VENDOR"
ecode 0c0f
ISR @7136 30
evt ff evtlen 1b
"EVT_VENDOR"
ecode 0c0f
ISR @7168 30
evt ff evtlen 1b
"EVT_VENDOR"
ecode 0c0f
ISR @7200 30
evt ff evtlen 1b
"EVT_VENDOR"
ecode 0c0f
ISR @7232 30
evt ff evtlen 1b
"EVT_VENDOR"
ecode 0c0f
ISR @7264 30
evt ff evtlen 1b
"EVT_VENDOR"
ecode 0c0f
ISR @7296 30
evt ff evtlen 1b
"EVT_VENDOR"
ecode 0c0f
ISR @7328 30
evt ff evtlen 1b
"EVT_VENDOR"
ecode 0c0f
ISR @7360 30
evt ff evtlen 1b
"EVT_VENDOR"
ecode 0c0f
ISR @7392 30
evt ff evtlen 1b
"EVT_VENDOR"
ecode 0c0f
ISR @7424 30
evt ff evtlen 1b
"EVT_VENDOR"
ecode 0c0f
ISR @7456 30
evt ff evtlen 1b
"EVT_VENDOR"
ecode 0c0f
ISR @7488 30
evt ff evtlen 1b
"EVT_VENDOR"
ecode 0c0f
ISR @7520 30
evt ff evtlen 1b
"EVT_VENDOR"
ecode 0c0f
ISR @7552 30
evt ff evtlen 1b
"EVT_VENDOR"
ecode 0c0f
ISR @7584 30
evt ff evtlen 1b
"EVT_VENDOR"
ecode 0c0f
ISR @7616 30
evt ff evtlen 1b
"EVT_VENDOR"
ecode 0c0f
ISR @7648 30
evt ff evtlen 1b
"EVT_VENDOR"
ecode 0c0f
ISR @7680 30
evt ff evtlen 1b
"EVT_VENDOR"
ecode 0c0f
ISR @7712 30
evt ff evtlen 1b
"EVT_VENDOR"
ecode 0c0f
ISR @7744 30
evt ff evtlen 1b
"EVT_VENDOR"
ecode 0c0f
ISR @7776 30
evt ff evtlen 1b
"EVT_VENDOR"
ecode 0c0f
ISR @7808 30
evt ff evtlen 1b
"EVT_VENDOR"
ecode 0c0f
ISR @7840 30
evt ff evtlen 1b
"EVT_VENDOR"
ecode 0c0f
ISR @7872 30
evt ff evtlen 1b
"EVT_VENDOR"
ecode 0c0f
ISR @7904 30
evt ff evtlen 1b
"EVT_VENDOR"
ecode 0c0f
ISR @7936 30
evt ff evtlen 1b
"EVT_VENDOR"
ecode 0c0f
ISR @7968 30
evt ff evtlen 1b
"EVT_VENDOR"
ecode 0c0f
ISR @8000 30
evt ff evtlen 1b
"EVT_VENDOR"
ecode 0c0f
ISR @8032 30
evt ff evtlen 1b
"EVT_VENDOR"
ecode 0c0f
ISR @8064 30
evt ff evtlen 1b
"EVT_VENDOR"
ecode 0c0f
ISR @8096 30
evt ff evtlen 1b
"EVT_VENDOR"
ecode 0c0f
ISR @8128 30
evt ff evtlen 1b
"EVT_VENDOR"
ecode 0c0f
ISR @8160 30
evt ff evtlen 1b
"EVT_VENDOR"
ecode 0c0f
ISR @8192 30
evt ff evtlen 1b
"EVT_VENDOR"
ecode 0c0f
ISR @8224 30
evt ff evtlen 1b
"EVT_VENDOR"
ecode 0c0f
ISR @8256 30
evt ff evtlen 1b
"EVT_VENDOR"
ecode 0c0f
ISR @8288 30
evt ff evtlen 1b
"EVT_VENDOR"
ecode 0c0f
ISR @8320 30
evt ff evtlen 1b
"EVT_VENDOR"
ecode 0c0f
ISR @8352 30
evt ff evtlen 1b
"EVT_VENDOR"
ecode 0c0f
ISR @8384 30
evt ff evtlen 1b
"EVT_VENDOR"
ecode 0c0f
ISR @8416 30
evt ff evtlen 1b
"EVT_VENDOR"
ecode 0c0f
ISR @8448 30
evt ff evtlen 1b
"EVT_VENDOR"
ecode 0c0f
ISR @8480 30
evt ff evtlen 1b
"EVT_VENDOR"
ecode 0c0f
ISR @8512 30
evt ff evtlen 1b
"EVT_VENDOR"
ecode 0c0f
ISR @8544 30
evt ff evtlen 1b
"EVT_VENDOR"
ecode 0c0f
ISR @8576 30
evt ff evtlen 1b
"EVT_VENDOR"
ecode 0c0f
ISR @8608 30
evt ff evtlen 1b
"EVT_VENDOR"
ecode 0c0f
ISR @8640 30
evt ff evtlen 1b
"EVT_VENDOR"
ecode 0c0f
ISR @8672 30
evt ff evtlen 1b
"EVT_VENDOR"
ecode 0c0f
ISR @8704 30
evt ff evtlen 1b
"EVT_VENDOR"
ecode 0c0f
ISR @8736 30
evt ff evtlen 1b
"EVT_VENDOR"
ecode 0c0f
ISR @8768 30
evt ff evtlen 1b
"EVT_VENDOR"
ecode 0c0f
ISR @8800 30
evt ff evtlen 1b
"EVT_VENDOR"
ecode 0c0f
ISR @8832 30
evt ff evtlen 1b
"EVT_VENDOR"
ecode 0c0f
ISR @8864 30
evt ff evtlen 1b
"EVT_VENDOR"
ecode 0c0f
ISR @8896 30
evt ff evtlen 1b
"EVT_VENDOR"
ecode 0c0f
"Lost"
