aa 00000
04 00001
00 00002
01 00003
03 00004
0c 00005
00 00006
bb 00007
07 00008
04 00009
0e 00010
04 00011
01 00012
03 00013
0c 00014
00 00015
aa 00016
04 00017
08 00018
01 00019
0c 00020
fc 00021
08 00022
00 00023
06 00024
43 00025
25 00026
ed 00027
fe 00028
ce 00029
fa 00030
bb 00031
07 00032
04 00033
0e 00034
04 00035
01 00036
0c 00037
fc 00038
00 00039
aa 00040
04 00041
08 00042
01 00043
0c 00044
fc 00045
08 00046
2e 00047
06 00048
00 00049
00 00050
00 00051
00 00052
00 00053
00 00054
bb 00055
07 00056
04 00057
0e 00058
04 00059
01 00060
0c 00061
fc 00062
00 00063
aa 00064
04 00065
12 00066
01 00067
0c 00068
fc 00069
12 00070
18 00071
10 00072
12 00073
34 00074
56 00075
78 00076
9a 00077
bc 00078
de 00079
f0 00080
12 00081
34 00082
56 00083
78 00084
9a 00085
bc 00086
de 00087
f0 00088
bb 00089
07 00090
04 00091
0e 00092
04 00093
01 00094
0c 00095
fc 00096
00 00097
aa 00098
04 00099
12 00100
01 00101
0c 00102
fc 00103
12 00104
08 00105
10 00106
fe 00107
dc 00108
ba 00109
09 00110
87 00111
65 00112
43 00113
21 00114
fe 00115
dc 00116
ba 00117
09 00118
87 00119
65 00120
43 00121
21 00122
bb 00123
07 00124
04 00125
0e 00126
04 00127
01 00128
0c 00129
fc 00130
00 00131
aa 00132
04 00133
02 00134
01 00135
0f 00136
fc 00137
02 00138
01 00139
18 00140
bb 00141
07 00142
04 00143
0e 00144
04 00145
01 00146
0f 00147
fc 00148
00 00149
aa 00150
04 00151
00 00152
01 00153
01 00154
fd 00155
00 00156
bb 00157
07 00158
04 00159
0e 00160
04 00161
01 00162
01 00163
fd 00164
00 00165
aa 00166
04 00167
03 00168
01 00169
8a 00170
fc 00171
03 00172
01 00173
00 00174
07 00175
bb 00176
0d 00177
04 00178
0e 00179
0a 00180
01 00181
8a 00182
fc 00183
00 00184
05 00185
00 00186
06 00187
00 00188
08 00189
00 00190
aa 00191
04 00192
0d 00193
01 00194
06 00195
fd 00196
0d 00197
05 00198
00 00199
06 00200
00 00201
00 00202
07 00203
53 00204
54 00205
4d 00206
33 00207
32 00208
57 00209
42 00210
bb 00211
07 00212
04 00213
0e 00214
04 00215
01 00216
06 00217
fd 00218
00 00219
aa 00220
04 00221
08 00222
01 00223
06 00224
fd 00225
08 00226
05 00227
00 00228
08 00229
00 00230
00 00231
02 00232
00 00233
00 00234
bb 00235
07 00236
04 00237
0e 00238
04 00239
01 00240
06 00241
fd 00242
00 00243
aa 00244
04 00245
03 00246
01 00247
31 00248
20 00249
03 00250
00 00251
02 00252
02 00253
bb 00254
07 00255
04 00256
0e 00257
04 00258
01 00259
31 00260
20 00261
00 00262
aa 00263
04 00264
01 00265
01 00266
85 00267
fc 00268
01 00269
00 00270
bb 00271
07 00272
04 00273
0e 00274
04 00275
01 00276
85 00277
fc 00278
00 00279
aa 00280
04 00281
0c 00282
01 00283
86 00284
fc 00285
0c 00286
01 00287
01 00288
00 00289
00 00290
08 00291
10 00292
00 00293
07 00294
b2 00295
01 00296
00 00297
00 00298
bb 00299
07 00300
04 00301
0e 00302
04 00303
01 00304
86 00305
fc 00306
00 00307
aa 00308
04 00309
00 00310
01 00311
92 00312
fc 00313
00 00314
bb 00315
07 00316
04 00317
0e 00318
04 00319
01 00320
92 00321
fc 00322
00 00323
aa 00324
04 00325
13 00326
01 00327
02 00328
fd 00329
13 00330
02 00331
8f 00332
e5 00333
b3 00334
d5 00335
2e 00336
7f 00337
4a 00338
98 00339
2a 00340
48 00341
7a 00342
cc 00343
40 00344
fe 00345
00 00346
00 00347
01 00348
08 00349
bb 00350
09 00351
04 00352
0e 00353
06 00354
01 00355
02 00356
fd 00357
00 00358
0c 00359
00 00360
aa 00361
04 00362
1a 00363
01 00364
04 00365
fd 00366
1a 00367
0c 00368
00 00369
02 00370
19 00371
ed 00372
82 00373
ae 00374
ed 00375
21 00376
4c 00377
9d 00378
41 00379
45 00380
22 00381
8e 00382
41 00383
fe 00384
00 00385
00 00386
02 00387
00 00388
06 00389
00 00390
01 00391
0a 00392
01 00393
bb 00394
09 00395
04 00396
0e 00397
06 00398
01 00399
04 00400
fd 00401
00 00402
0d 00403
00 00404
aa 00405
04 00406
1a 00407
01 00408
04 00409
fd 00410
1a 00411
0c 00412
00 00413
02 00414
19 00415
ed 00416
82 00417
ae 00418
ed 00419
21 00420
4c 00421
9d 00422
41 00423
45 00424
22 00425
8e 00426
42 00427
fe 00428
00 00429
00 00430
02 00431
00 00432
10 00433
00 00434
01 00435
0a 00436
01 00437
bb 00438
09 00439
04 00440
0e 00441
06 00442
01 00443
04 00444
fd 00445
00 00446
0f 00447
00 00448
aa 00449
04 00450
02 00451
01 00452
18 00453
fc 00454
02 00455
06 00456
00 00457
bb 00458
07 00459
04 00460
0e 00461
04 00462
01 00463
18 00464
fc 00465
00 00466
aa 00467
04 00468
00 00469
01 00470
01 00471
10 00472
00 00473
bb 00474
0f 00475
04 00476
0e 00477
0c 00478
01 00479
01 00480
10 00481
00 00482
09 00483
28 00484
00 00485
09 00486
30 00487
00 00488
28 00489
21 00490
aa 00491
04 00492
20 00493
01 00494
09 00495
20 00496
20 00497
00 00498
00 00499
00 00500
00 00501
00 00502
00 00503
00 00504
00 00505
00 00506
00 00507
00 00508
00 00509
00 00510
00 00511
00 00512
00 00513
00 00514
00 00515
00 00516
00 00517
00 00518
00 00519
00 00520
00 00521
00 00522
00 00523
00 00524
00 00525
00 00526
00 00527
00 00528
00 00529
bb 00530
07 00531
04 00532
0e 00533
04 00534
01 00535
09 00536
20 00537
00 00538
aa 00539
04 00540
15 00541
01 00542
83 00543
fc 00544
15 00545
00 00546
80 00547
00 00548
a0 00549
00 00550
00 00551
00 00552
08 00553
09 00554
50 00555
32 00556
50 00557
53 00558
52 00559
56 00560
31 00561
00 00562
00 00563
00 00564
00 00565
00 00566
bb 00567
07 00568
04 00569
0e 00570
04 00571
01 00572
83 00573
fc 00574
00 00575
aa 00576
04 00577
0f 00578
01 00579
8e 00580
fc 00581
0f 00582
0e 00583
0d 00584
ff 00585
01 00586
83 00587
00 00588
00 00589
00 00590
00 00591
fa 00592
ce 00593
fe 00594
ed 00595
25 00596
43 00597
bb 00598
07 00599
04 00600
0e 00601
04 00602
01 00603
8e 00604
fc 00605
00 00606
bb 00607
0b 00608
04 00609
ff 00610
08 00611
04 00612
00 00613
01 00614
01 00615
8c 00616
b2 00617
00 00618
00 00619
bb 00620
0b 00621
04 00622
ff 00623
08 00624
04 00625
00 00626
01 00627
01 00628
8d 00629
4e 00630
01 00631
00 00632
bb 00633
0b 00634
04 00635
ff 00636
08 00637
04 00638
00 00639
01 00640
01 00641
a4 00642
e1 00643
01 00644
00 00645
bb 00646
0b 00647
04 00648
ff 00649
08 00650
04 00651
00 00652
01 00653
01 00654
60 00655
7b 00656
02 00657
00 00658
bb 00659
0b 00660
04 00661
ff 00662
08 00663
04 00664
00 00665
01 00666
01 00667
2c 00668
12 00669
03 00670
00 00671
bb 00672
0b 00673
04 00674
ff 00675
08 00676
04 00677
00 00678
01 00679
01 00680
a8 00681
aa 00682
03 00683
00 00684
bb 00685
0b 00686
04 00687
ff 00688
08 00689
04 00690
00 00691
01 00692
01 00693
02 00694
44 00695
04 00696
00 00697
bb 00698
0b 00699
04 00700
ff 00701
08 00702
04 00703
00 00704
01 00705
01 00706
77 00707
dd 00708
04 00709
00 00710
bb 00711
0b 00712
04 00713
ff 00714
08 00715
04 00716
00 00717
01 00718
01 00719
5d 00720
75 00721
05 00722
00 00723
bb 00724
0b 00725
04 00726
ff 00727
08 00728
04 00729
00 00730
01 00731
01 00732
b5 00733
0b 00734
06 00735
00 00736
bb 00737
0b 00738
04 00739
ff 00740
08 00741
04 00742
00 00743
01 00744
01 00745
63 00746
a5 00747
06 00748
00 00749
bb 00750
0b 00751
04 00752
ff 00753
08 00754
04 00755
00 00756
01 00757
01 00758
9e 00759
3b 00760
07 00761
00 00762
bb 00763
0b 00764
04 00765
ff 00766
08 00767
04 00768
00 00769
01 00770
01 00771
7f 00772
d4 00773
07 00774
00 00775
bb 00776
0b 00777
04 00778
ff 00779
08 00780
04 00781
00 00782
01 00783
01 00784
8f 00785
6c 00786
08 00787
00 00788
bb 00789
0b 00790
04 00791
ff 00792
08 00793
04 00794
00 00795
01 00796
01 00797
f7 00798
06 00799
09 00800
00 00801
bb 00802
0b 00803
04 00804
ff 00805
08 00806
04 00807
00 00808
01 00809
01 00810
5f 00811
9d 00812
09 00813
00 00814
bb 00815
0b 00816
04 00817
ff 00818
08 00819
04 00820
00 00821
01 00822
01 00823
b4 00824
31 00825
0a 00826
00 00827
bb 00828
0b 00829
04 00830
ff 00831
08 00832
04 00833
00 00834
01 00835
01 00836
3e 00837
cc 00838
0a 00839
00 00840
bb 00841
0b 00842
04 00843
ff 00844
08 00845
04 00846
00 00847
01 00848
01 00849
af 00850
61 00851
0b 00852
00 00853
bb 00854
0b 00855
04 00856
ff 00857
08 00858
04 00859
00 00860
01 00861
01 00862
43 00863
fb 00864
0b 00865
00 00866
bb 00867
0b 00868
04 00869
ff 00870
08 00871
04 00872
00 00873
01 00874
01 00875
3b 00876
93 00877
0c 00878
00 00879
bb 00880
0b 00881
04 00882
ff 00883
08 00884
04 00885
00 00886
01 00887
01 00888
35 00889
2e 00890
0d 00891
00 00892
bb 00893
0b 00894
04 00895
ff 00896
08 00897
04 00898
00 00899
01 00900
01 00901
e7 00902
c1 00903
0d 00904
00 00905
bb 00906
0b 00907
04 00908
ff 00909
08 00910
04 00911
00 00912
01 00913
01 00914
50 00915
5b 00916
0e 00917
00 00918
bb 00919
0b 00920
04 00921
ff 00922
08 00923
04 00924
00 00925
01 00926
01 00927
bc 00928
f6 00929
0e 00930
00 00931
bb 00932
0b 00933
04 00934
ff 00935
08 00936
04 00937
00 00938
01 00939
01 00940
db 00941
8d 00942
0f 00943
00 00944
bb 00945
0b 00946
04 00947
ff 00948
08 00949
04 00950
00 00951
01 00952
01 00953
8d 00954
26 00955
10 00956
00 00957
bb 00958
0b 00959
04 00960
ff 00961
08 00962
04 00963
00 00964
01 00965
01 00966
d0 00967
bc 00968
10 00969
00 00970
bb 00971
0b 00972
04 00973
ff 00974
08 00975
04 00976
00 00977
01 00978
01 00979
64 00980
55 00981
11 00982
00 00983
bb 00984
0b 00985
04 00986
ff 00987
08 00988
04 00989
00 00990
01 00991
01 00992
78 00993
e9 00994
11 00995
00 00996
bb 00997
0b 00998
04 00999
ff 01000
08 01001
04 01002
00 01003
01 01004
01 01005
1d 01006
86 01007
12 01008
00 01009
bb 01010
0b 01011
04 01012
ff 01013
08 01014
04 01015
00 01016
01 01017
01 01018
60 01019
19 01020
13 01021
00 01022
bb 01023
0b 01024
04 01025
ff 01026
08 01027
04 01028
00 01029
01 01030
01 01031
7d 01032
b2 01033
13 01034
00 01035
bb 01036
0b 01037
04 01038
ff 01039
08 01040
04 01041
00 01042
01 01043
01 01044
77 01045
4a 01046
14 01047
00 01048
bb 01049
0b 01050
04 01051
ff 01052
08 01053
04 01054
00 01055
01 01056
01 01057
dd 01058
e4 01059
14 01060
00 01061
bb 01062
0b 01063
04 01064
ff 01065
08 01066
04 01067
00 01068
01 01069
01 01070
f4 01071
7a 01072
15 01073
00 01074
bb 01075
0b 01076
04 01077
ff 01078
08 01079
04 01080
00 01081
01 01082
01 01083
bf 01084
16 01085
16 01086
00 01087
bb 01088
0b 01089
04 01090
ff 01091
08 01092
04 01093
00 01094
01 01095
01 01096
a5 01097
ae 01098
16 01099
00 01100
bb 01101
0b 01102
04 01103
ff 01104
08 01105
04 01106
00 01107
01 01108
01 01109
b5 01110
44 01111
17 01112
00 01113
bb 01114
0b 01115
04 01116
ff 01117
08 01118
04 01119
00 01120
01 01121
01 01122
84 01123
dc 01124
17 01125
00 01126
bb 01127
0b 01128
04 01129
ff 01130
08 01131
04 01132
00 01133
01 01134
01 01135
1a 01136
77 01137
18 01138
00 01139
bb 01140
0b 01141
04 01142
ff 01143
08 01144
04 01145
00 01146
01 01147
01 01148
59 01149
0d 01150
19 01151
00 01152
bb 01153
0b 01154
04 01155
ff 01156
08 01157
04 01158
00 01159
01 01160
01 01161
ca 01162
a4 01163
19 01164
00 01165
bb 01166
0b 01167
04 01168
ff 01169
08 01170
04 01171
00 01172
01 01173
01 01174
29 01175
3e 01176
1a 01177
00 01178
bb 01179
0b 01180
04 01181
ff 01182
08 01183
04 01184
00 01185
01 01186
01 01187
59 01188
d5 01189
1a 01190
00 01191
bb 01192
0b 01193
04 01194
ff 01195
08 01196
04 01197
00 01198
01 01199
01 01200
b1 01201
69 01202
1b 01203
00 01204
bb 01205
0b 01206
04 01207
ff 01208
08 01209
04 01210
00 01211
01 01212
01 01213
92 01214
05 01215
1c 01216
00 01217
bb 01218
0b 01219
04 01220
ff 01221
08 01222
04 01223
00 01224
01 01225
01 01226
37 01227
9b 01228
1c 01229
00 01230
bb 01231
0b 01232
04 01233
ff 01234
08 01235
04 01236
00 01237
01 01238
01 01239
48 01240
34 01241
1d 01242
00 01243
bb 01244
0b 01245
04 01246
ff 01247
08 01248
04 01249
00 01250
01 01251
01 01252
da 01253
cb 01254
1d 01255
00 01256
bb 01257
0b 01258
04 01259
ff 01260
08 01261
04 01262
00 01263
01 01264
01 01265
84 01266
65 01267
1e 01268
00 01269
bb 01270
0b 01271
04 01272
ff 01273
08 01274
04 01275
00 01276
01 01277
01 01278
04 01279
ff 01280
1e 01281
00 01282
bb 01283
0b 01284
04 01285
ff 01286
08 01287
04 01288
00 01289
01 01290
01 01291
7b 01292
95 01293
1f 01294
00 01295
bb 01296
0b 01297
04 01298
ff 01299
08 01300
04 01301
00 01302
01 01303
01 01304
17 01305
29 01306
20 01307
00 01308
bb 01309
0b 01310
04 01311
ff 01312
08 01313
04 01314
00 01315
01 01316
01 01317
6e 01318
c4 01319
20 01320
00 01321
bb 01322
0b 01323
04 01324
ff 01325
08 01326
04 01327
00 01328
01 01329
01 01330
21 01331
5b 01332
21 01333
00 01334
bb 01335
0b 01336
04 01337
ff 01338
08 01339
04 01340
00 01341
01 01342
01 01343
29 01344
f3 01345
21 01346
00 01347
bb 01348
0b 01349
04 01350
ff 01351
08 01352
04 01353
00 01354
01 01355
01 01356
43 01357
8b 01358
22 01359
00 01360
bb 01361
0b 01362
04 01363
ff 01364
08 01365
04 01366
00 01367
01 01368
01 01369
a6 01370
26 01371
23 01372
00 01373
bb 01374
0b 01375
04 01376
ff 01377
08 01378
04 01379
00 01380
01 01381
01 01382
8a 01383
b9 01384
23 01385
00 01386
bb 01387
0b 01388
04 01389
ff 01390
08 01391
04 01392
00 01393
01 01394
01 01395
42 01396
51 01397
24 01398
00 01399
bb 01400
0b 01401
04 01402
ff 01403
08 01404
04 01405
00 01406
01 01407
01 01408
33 01409
ed 01410
24 01411
00 01412
bb 01413
0b 01414
04 01415
ff 01416
08 01417
04 01418
00 01419
01 01420
01 01421
2d 01422
83 01423
25 01424
00 01425
bb 01426
0b 01427
04 01428
ff 01429
08 01430
04 01431
00 01432
01 01433
01 01434
88 01435
1c 01436
26 01437
00 01438
bb 01439
0b 01440
04 01441
ff 01442
08 01443
04 01444
00 01445
01 01446
01 01447
1c 01448
b7 01449
26 01450
00 01451
bb 01452
0b 01453
04 01454
ff 01455
08 01456
04 01457
00 01458
01 01459
01 01460
6a 01461
4e 01462
27 01463
00 01464
bb 01465
0b 01466
04 01467
ff 01468
08 01469
04 01470
00 01471
01 01472
01 01473
3c 01474
e6 01475
27 01476
00 01477
bb 01478
0b 01479
04 01480
ff 01481
08 01482
04 01483
00 01484
01 01485
01 01486
ef 01487
7a 01488
28 01489
00 01490
bb 01491
0b 01492
04 01493
ff 01494
08 01495
04 01496
00 01497
01 01498
01 01499
d1 01500
14 01501
29 01502
00 01503
bb 01504
0b 01505
04 01506
ff 01507
08 01508
04 01509
00 01510
01 01511
01 01512
ff 01513
ad 01514
29 01515
00 01516
bb 01517
0b 01518
04 01519
ff 01520
08 01521
04 01522
00 01523
01 01524
01 01525
4a 01526
43 01527
2a 01528
00 01529
bb 01530
0b 01531
04 01532
ff 01533
08 01534
04 01535
00 01536
01 01537
01 01538
c1 01539
db 01540
2a 01541
00 01542
bb 01543
0b 01544
04 01545
ff 01546
08 01547
04 01548
00 01549
01 01550
01 01551
f0 01552
76 01553
2b 01554
00 01555
bb 01556
0b 01557
04 01558
ff 01559
08 01560
04 01561
00 01562
01 01563
01 01564
72 01565
0a 01566
2c 01567
00 01568
bb 01569
0b 01570
04 01571
ff 01572
08 01573
04 01574
00 01575
01 01576
01 01577
ff 01578
a0 01579
2c 01580
00 01581
bb 01582
0b 01583
04 01584
ff 01585
08 01586
04 01587
00 01588
01 01589
01 01590
13 01591
39 01592
2d 01593
00 01594
bb 01595
0b 01596
04 01597
ff 01598
08 01599
04 01600
00 01601
01 01602
01 01603
c0 01604
d3 01605
2d 01606
00 01607
bb 01608
0b 01609
04 01610
ff 01611
08 01612
04 01613
00 01614
01 01615
01 01616
dd 01617
69 01618
2e 01619
00 01620
bb 01621
0b 01622
04 01623
ff 01624
08 01625
04 01626
00 01627
01 01628
01 01629
62 01630
04 01631
2f 01632
00 01633
bb 01634
0b 01635
04 01636
ff 01637
08 01638
04 01639
00 01640
01 01641
01 01642
dc 01643
9e 01644
2f 01645
00 01646
bb 01647
0b 01648
04 01649
ff 01650
08 01651
04 01652
00 01653
01 01654
01 01655
36 01656
31 01657
30 01658
00 01659
bb 01660
0b 01661
04 01662
ff 01663
08 01664
04 01665
00 01666
01 01667
01 01668
af 01669
cb 01670
30 01671
00 01672
bb 01673
0b 01674
04 01675
ff 01676
08 01677
04 01678
00 01679
01 01680
01 01681
ed 01682
65 01683
31 01684
00 01685
bb 01686
0b 01687
04 01688
ff 01689
08 01690
04 01691
00 01692
01 01693
01 01694
78 01695
fb 01696
31 01697
00 01698
bb 01699
0b 01700
04 01701
ff 01702
08 01703
04 01704
00 01705
01 01706
01 01707
6e 01708
91 01709
32 01710
00 01711
bb 01712
0b 01713
04 01714
ff 01715
08 01716
04 01717
00 01718
01 01719
01 01720
24 01721
2f 01722
33 01723
00 01724
bb 01725
0b 01726
04 01727
ff 01728
08 01729
04 01730
00 01731
01 01732
01 01733
c0 01734
c3 01735
33 01736
00 01737
bb 01738
0b 01739
04 01740
ff 01741
08 01742
04 01743
00 01744
01 01745
01 01746
b8 01747
5a 01748
34 01749
00 01750
bb 01751
0b 01752
04 01753
ff 01754
08 01755
04 01756
00 01757
01 01758
01 01759
4d 01760
f3 01761
34 01762
00 01763
bb 01764
0b 01765
04 01766
ff 01767
08 01768
04 01769
00 01770
01 01771
01 01772
3f 01773
8c 01774
35 01775
00 01776
bb 01777
0b 01778
04 01779
ff 01780
08 01781
04 01782
00 01783
01 01784
01 01785
3a 01786
26 01787
36 01788
00 01789
bb 01790
0b 01791
04 01792
ff 01793
08 01794
04 01795
00 01796
01 01797
01 01798
c2 01799
bd 01800
36 01801
00 01802
bb 01803
0b 01804
04 01805
ff 01806
08 01807
04 01808
00 01809
01 01810
01 01811
24 01812
53 01813
37 01814
00 01815
bb 01816
0b 01817
04 01818
ff 01819
08 01820
04 01821
00 01822
01 01823
01 01824
76 01825
e9 01826
37 01827
00 01828
bb 01829
0b 01830
04 01831
ff 01832
08 01833
04 01834
00 01835
01 01836
01 01837
dc 01838
83 01839
38 01840
00 01841
bb 01842
0b 01843
04 01844
ff 01845
08 01846
04 01847
00 01848
01 01849
01 01850
d8 01851
1e 01852
39 01853
00 01854
bb 01855
0b 01856
04 01857
ff 01858
08 01859
04 01860
00 01861
01 01862
01 01863
9d 01864
b5 01865
39 01866
00 01867
bb 01868
0b 01869
04 01870
ff 01871
08 01872
04 01873
00 01874
01 01875
01 01876
52 01877
4e 01878
3a 01879
00 01880
bb 01881
0b 01882
04 01883
ff 01884
08 01885
04 01886
00 01887
01 01888
01 01889
0b 01890
e6 01891
3a 01892
00 01893
bb 01894
0b 01895
04 01896
ff 01897
08 01898
04 01899
00 01900
01 01901
01 01902
ee 01903
78 01904
3b 01905
00 01906
bb 01907
0b 01908
04 01909
ff 01910
08 01911
04 01912
00 01913
01 01914
01 01915
8d 01916
16 01917
3c 01918
00 01919
bb 01920
0b 01921
04 01922
ff 01923
08 01924
04 01925
00 01926
01 01927
01 01928
3c 01929
ab 01930
3c 01931
00 01932
bb 01933
0b 01934
04 01935
ff 01936
08 01937
04 01938
00 01939
01 01940
01 01941
e8 01942
46 01943
3d 01944
00 01945
bb 01946
0b 01947
04 01948
ff 01949
08 01950
04 01951
00 01952
01 01953
01 01954
33 01955
dc 01956
3d 01957
00 01958
bb 01959
0b 01960
04 01961
ff 01962
08 01963
04 01964
00 01965
01 01966
01 01967
b6 01968
71 01969
3e 01970
00 01971
bb 01972
0b 01973
04 01974
ff 01975
08 01976
04 01977
00 01978
01 01979
01 01980
95 01981
09 01982
3f 01983
00 01984
bb 01985
0b 01986
04 01987
ff 01988
08 01989
04 01990
00 01991
01 01992
01 01993
aa 01994
a1 01995
3f 01996
00 01997
bb 01998
0b 01999
04 02000
ff 02001
08 02002
04 02003
00 02004
01 02005
01 02006
2c 02007
3c 02008
40 02009
00 02010
bb 02011
0b 02012
04 02013
ff 02014
08 02015
04 02016
00 02017
01 02018
01 02019
03 02020
d5 02021
40 02022
00 02023
bb 02024
0b 02025
04 02026
ff 02027
08 02028
04 02029
00 02030
01 02031
01 02032
c2 02033
6a 02034
41 02035
00 02036
bb 02037
0b 02038
04 02039
ff 02040
08 02041
04 02042
00 02043
01 02044
01 02045
3f 02046
03 02047
42 02048
00 02049
bb 02050
0b 02051
04 02052
ff 02053
08 02054
04 02055
00 02056
01 02057
01 02058
ed 02059
98 02060
42 02061
00 02062
bb 02063
0b 02064
04 02065
ff 02066
08 02067
04 02068
00 02069
01 02070
01 02071
ae 02072
34 02073
43 02074
00 02075
bb 02076
0b 02077
04 02078
ff 02079
08 02080
04 02081
00 02082
01 02083
01 02084
b3 02085
ca 02086
43 02087
00 02088
bb 02089
0b 02090
04 02091
ff 02092
08 02093
04 02094
00 02095
01 02096
01 02097
7b 02098
64 02099
44 02100
00 02101
bb 02102
0b 02103
04 02104
ff 02105
08 02106
04 02107
00 02108
01 02109
01 02110
08 02111
fd 02112
44 02113
00 02114
bb 02115
0b 02116
04 02117
ff 02118
08 02119
04 02120
00 02121
01 02122
01 02123
41 02124
94 02125
45 02126
00 02127
bb 02128
0b 02129
04 02130
ff 02131
08 02132
04 02133
00 02134
01 02135
01 02136
08 02137
2b 02138
46 02139
00 02140
bb 02141
0b 02142
04 02143
ff 02144
08 02145
04 02146
00 02147
01 02148
01 02149
3b 02150
c6 02151
46 02152
00 02153
bb 02154
0b 02155
04 02156
ff 02157
08 02158
04 02159
00 02160
01 02161
01 02162
03 02163
5d 02164
47 02165
00 02166
bb 02167
0b 02168
04 02169
ff 02170
08 02171
04 02172
00 02173
01 02174
01 02175
33 02176
f4 02177
47 02178
00 02179
bb 02180
0b 02181
04 02182
ff 02183
08 02184
04 02185
00 02186
01 02187
01 02188
4d 02189
8d 02190
48 02191
00 02192
bb 02193
0b 02194
04 02195
ff 02196
08 02197
04 02198
00 02199
01 02200
01 02201
3d 02202
22 02203
49 02204
00 02205
bb 02206
0b 02207
04 02208
ff 02209
08 02210
04 02211
00 02212
01 02213
01 02214
66 02215
bc 02216
49 02217
00 02218
bb 02219
0b 02220
04 02221
ff 02222
08 02223
04 02224
00 02225
01 02226
01 02227
15 02228
56 02229
4a 02230
00 02231
bb 02232
0b 02233
04 02234
ff 02235
08 02236
04 02237
00 02238
01 02239
01 02240
f4 02241
ec 02242
4a 02243
00 02244
bb 02245
0b 02246
04 02247
ff 02248
08 02249
04 02250
00 02251
01 02252
01 02253
48 02254
84 02255
4b 02256
00 02257
bb 02258
0b 02259
04 02260
ff 02261
08 02262
04 02263
00 02264
01 02265
01 02266
c6 02267
19 02268
4c 02269
00 02270
bb 02271
0b 02272
04 02273
ff 02274
08 02275
04 02276
00 02277
01 02278
01 02279
3e 02280
b3 02281
4c 02282
00 02283
bb 02284
0b 02285
04 02286
ff 02287
08 02288
04 02289
00 02290
01 02291
01 02292
b0 02293
4d 02294
4d 02295
00 02296
bb 02297
0b 02298
04 02299
ff 02300
08 02301
04 02302
00 02303
01 02304
01 02305
22 02306
e6 02307
4d 02308
00 02309
bb 02310
0b 02311
04 02312
ff 02313
08 02314
04 02315
00 02316
01 02317
01 02318
0c 02319
7a 02320
4e 02321
00 02322
bb 02323
0b 02324
04 02325
ff 02326
08 02327
04 02328
00 02329
01 02330
01 02331
9b 02332
12 02333
4f 02334
00 02335
bb 02336
0b 02337
04 02338
ff 02339
08 02340
04 02341
00 02342
01 02343
01 02344
c2 02345
ad 02346
4f 02347
00 02348
bb 02349
0b 02350
04 02351
ff 02352
08 02353
04 02354
00 02355
01 02356
01 02357
9e 02358
46 02359
50 02360
00 02361
bb 02362
0b 02363
04 02364
ff 02365
08 02366
04 02367
00 02368
01 02369
01 02370
98 02371
dc 02372
50 02373
00 02374
bb 02375
0b 02376
04 02377
ff 02378
08 02379
04 02380
00 02381
01 02382
01 02383
f4 02384
74 02385
51 02386
00 02387
bb 02388
0b 02389
04 02390
ff 02391
08 02392
04 02393
00 02394
01 02395
01 02396
0a 02397
0a 02398
52 02399
00 02400
bb 02401
0b 02402
04 02403
ff 02404
08 02405
04 02406
00 02407
01 02408
01 02409
4b 02410
a4 02411
52 02412
00 02413
bb 02414
0b 02415
04 02416
ff 02417
08 02418
04 02419
00 02420
01 02421
01 02422
d6 02423
3b 02424
53 02425
00 02426
bb 02427
0b 02428
04 02429
ff 02430
08 02431
04 02432
00 02433
01 02434
01 02435
e3 02436
d4 02437
53 02438
00 02439
bb 02440
0b 02441
04 02442
ff 02443
08 02444
04 02445
00 02446
01 02447
01 02448
cb 02449
6b 02450
54 02451
00 02452
bb 02453
0b 02454
04 02455
ff 02456
08 02457
04 02458
00 02459
01 02460
01 02461
9a 02462
06 02463
55 02464
00 02465
bb 02466
0b 02467
04 02468
ff 02469
08 02470
04 02471
00 02472
01 02473
01 02474
53 02475
9b 02476
55 02477
00 02478
bb 02479
0b 02480
04 02481
ff 02482
08 02483
04 02484
00 02485
01 02486
01 02487
33 02488
33 02489
56 02490
00 02491
bb 02492
0b 02493
04 02494
ff 02495
08 02496
04 02497
00 02498
01 02499
01 02500
b8 02501
c9 02502
56 02503
00 02504
bb 02505
0b 02506
04 02507
ff 02508
08 02509
04 02510
00 02511
01 02512
01 02513
19 02514
66 02515
57 02516
00 02517
bb 02518
0b 02519
04 02520
ff 02521
08 02522
04 02523
00 02524
01 02525
01 02526
e6 02527
f9 02528
57 02529
00 02530
bb 02531
0b 02532
04 02533
ff 02534
08 02535
04 02536
00 02537
01 02538
01 02539
ce 02540
95 02541
58 02542
00 02543
bb 02544
0b 02545
04 02546
ff 02547
08 02548
04 02549
00 02550
01 02551
01 02552
25 02553
2a 02554
59 02555
00 02556
bb 02557
0b 02558
04 02559
ff 02560
08 02561
04 02562
00 02563
01 02564
01 02565
a4 02566
c3 02567
59 02568
00 02569
bb 02570
0b 02571
04 02572
ff 02573
08 02574
04 02575
00 02576
01 02577
02 02578
d8 02579
e2 02580
59 02581
00 02582
bb 02583
16 02584
04 02585
3e 02586
13 02587
01 02588
00 02589
01 02590
08 02591
01 02592
00 02593
eb 02594
a2 02595
00 02596
26 02597
e1 02598
80 02599
3c 02600
00 02601
00 02602
00 02603
f4 02604
01 02605
00 02606
bb 02607
0b 02608
04 02609
ff 02610
08 02611
04 02612
00 02613
02 02614
02 02615
6a 02616
5c 02617
5a 02618
00 02619
bb 02620
0f 02621
04 02622
ff 02623
0c 02624
01 02625
0c 02626
01 02627
08 02628
11 02629
00 02630
00 02631
00 02632
02 02633
00 02634
01 02635
00 02636
bb 02637
0b 02638
04 02639
ff 02640
08 02641
04 02642
00 02643
02 02644
02 02645
6c 02646
d4 02647
5a 02648
00 02649
bb 02650
0b 02651
04 02652
ff 02653
08 02654
04 02655
00 02656
02 02657
02 02658
6c 02659
4c 02660
5b 02661
00 02662
bb 02663
0b 02664
04 02665
ff 02666
08 02667
04 02668
00 02669
02 02670
02 02671
6b 02672
c4 02673
5b 02674
00 02675
bb 02676
0b 02677
04 02678
ff 02679
08 02680
04 02681
00 02682
02 02683
02 02684
6d 02685
3c 02686
5c 02687
00 02688
bb 02689
0b 02690
04 02691
ff 02692
08 02693
04 02694
00 02695
02 02696
02 02697
6e 02698
b4 02699
5c 02700
00 02701
bb 02702
0b 02703
04 02704
ff 02705
08 02706
04 02707
00 02708
02 02709
02 02710
70 02711
2c 02712
5d 02713
00 02714
bb 02715
0b 02716
04 02717
ff 02718
08 02719
04 02720
00 02721
02 02722
02 02723
71 02724
a4 02725
5d 02726
00 02727
bb 02728
0b 02729
04 02730
ff 02731
08 02732
04 02733
00 02734
02 02735
02 02736
73 02737
1c 02738
5e 02739
00 02740
bb 02741
0b 02742
04 02743
ff 02744
08 02745
04 02746
00 02747
02 02748
02 02749
74 02750
94 02751
5e 02752
00 02753
bb 02754
0b 02755
04 02756
ff 02757
08 02758
04 02759
00 02760
02 02761
02 02762
74 02763
0c 02764
5f 02765
00 02766
bb 02767
0b 02768
04 02769
ff 02770
08 02771
04 02772
00 02773
02 02774
02 02775
74 02776
84 02777
5f 02778
00 02779
bb 02780
0b 02781
04 02782
ff 02783
08 02784
04 02785
00 02786
02 02787
02 02788
74 02789
fc 02790
5f 02791
00 02792
bb 02793
0b 02794
04 02795
ff 02796
08 02797
04 02798
00 02799
02 02800
02 02801
74 02802
74 02803
60 02804
00 02805
bb 02806
0b 02807
04 02808
ff 02809
08 02810
04 02811
00 02812
02 02813
02 02814
74 02815
ec 02816
60 02817
00 02818
bb 02819
0b 02820
04 02821
ff 02822
08 02823
04 02824
00 02825
02 02826
02 02827
74 02828
64 02829
61 02830
00 02831
bb 02832
0b 02833
04 02834
ff 02835
08 02836
04 02837
00 02838
02 02839
02 02840
72 02841
dc 02842
61 02843
00 02844
bb 02845
0b 02846
04 02847
ff 02848
08 02849
04 02850
00 02851
02 02852
02 02853
72 02854
54 02855
62 02856
00 02857
bb 02858
0b 02859
04 02860
ff 02861
08 02862
04 02863
00 02864
02 02865
02 02866
72 02867
cc 02868
62 02869
00 02870
bb 02871
0b 02872
04 02873
ff 02874
08 02875
04 02876
00 02877
02 02878
02 02879
72 02880
44 02881
63 02882
00 02883
bb 02884
0b 02885
04 02886
ff 02887
08 02888
04 02889
00 02890
02 02891
02 02892
73 02893
bc 02894
63 02895
00 02896
bb 02897
0b 02898
04 02899
ff 02900
08 02901
04 02902
00 02903
02 02904
02 02905
72 02906
34 02907
64 02908
00 02909
bb 02910
0b 02911
04 02912
ff 02913
08 02914
04 02915
00 02916
02 02917
02 02918
72 02919
ac 02920
64 02921
00 02922
bb 02923
0b 02924
04 02925
ff 02926
08 02927
04 02928
00 02929
02 02930
02 02931
72 02932
24 02933
65 02934
00 02935
bb 02936
0b 02937
04 02938
ff 02939
08 02940
04 02941
00 02942
02 02943
02 02944
6c 02945
9c 02946
65 02947
00 02948
bb 02949
0b 02950
04 02951
ff 02952
08 02953
04 02954
00 02955
02 02956
02 02957
65 02958
14 02959
66 02960
00 02961
bb 02962
0b 02963
04 02964
ff 02965
08 02966
04 02967
00 02968
02 02969
02 02970
5f 02971
8c 02972
66 02973
00 02974
bb 02975
0b 02976
04 02977
ff 02978
08 02979
04 02980
00 02981
02 02982
02 02983
59 02984
04 02985
67 02986
00 02987
bb 02988
0b 02989
04 02990
ff 02991
08 02992
04 02993
00 02994
02 02995
02 02996
52 02997
7c 02998
67 02999
00 03000
bb 03001
0b 03002
04 03003
ff 03004
08 03005
04 03006
00 03007
02 03008
02 03009
4c 03010
f4 03011
67 03012
00 03013
bb 03014
0b 03015
04 03016
ff 03017
08 03018
04 03019
00 03020
02 03021
02 03022
46 03023
6c 03024
68 03025
00 03026
bb 03027
0b 03028
04 03029
ff 03030
08 03031
04 03032
00 03033
02 03034
02 03035
3e 03036
e4 03037
68 03038
00 03039
bb 03040
0b 03041
04 03042
ff 03043
08 03044
04 03045
00 03046
02 03047
02 03048
34 03049
5c 03050
69 03051
00 03052
bb 03053
0b 03054
04 03055
ff 03056
08 03057
04 03058
00 03059
02 03060
02 03061
29 03062
d4 03063
69 03064
00 03065
bb 03066
0b 03067
04 03068
ff 03069
08 03070
04 03071
00 03072
02 03073
02 03074
1f 03075
4c 03076
6a 03077
00 03078
bb 03079
0b 03080
04 03081
ff 03082
08 03083
04 03084
00 03085
02 03086
02 03087
13 03088
c4 03089
6a 03090
00 03091
bb 03092
0b 03093
04 03094
ff 03095
08 03096
04 03097
00 03098
02 03099
02 03100
09 03101
3c 03102
6b 03103
00 03104
bb 03105
0b 03106
04 03107
ff 03108
08 03109
04 03110
00 03111
02 03112
02 03113
ff 03114
b3 03115
6b 03116
00 03117
bb 03118
0b 03119
04 03120
ff 03121
08 03122
04 03123
00 03124
02 03125
02 03126
fd 03127
2b 03128
6c 03129
00 03130
bb 03131
0b 03132
04 03133
ff 03134
08 03135
04 03136
00 03137
02 03138
02 03139
f9 03140
a3 03141
6c 03142
00 03143
bb 03144
0b 03145
04 03146
ff 03147
08 03148
04 03149
00 03150
02 03151
02 03152
f7 03153
1b 03154
6d 03155
00 03156
bb 03157
0b 03158
04 03159
ff 03160
08 03161
04 03162
00 03163
02 03164
02 03165
f4 03166
93 03167
6d 03168
00 03169
bb 03170
0b 03171
04 03172
ff 03173
08 03174
04 03175
00 03176
02 03177
02 03178
f1 03179
0b 03180
6e 03181
00 03182
bb 03183
0b 03184
04 03185
ff 03186
08 03187
04 03188
00 03189
02 03190
02 03191
ef 03192
83 03193
6e 03194
00 03195
bb 03196
0b 03197
04 03198
ff 03199
08 03200
04 03201
00 03202
02 03203
02 03204
ec 03205
fb 03206
6e 03207
00 03208
bb 03209
0b 03210
04 03211
ff 03212
08 03213
04 03214
00 03215
02 03216
02 03217
eb 03218
73 03219
6f 03220
00 03221
bb 03222
0b 03223
04 03224
ff 03225
08 03226
04 03227
00 03228
02 03229
02 03230
ec 03231
eb 03232
6f 03233
00 03234
bb 03235
0b 03236
04 03237
ff 03238
08 03239
04 03240
00 03241
02 03242
02 03243
ec 03244
63 03245
70 03246
00 03247
bb 03248
0b 03249
04 03250
ff 03251
08 03252
04 03253
00 03254
02 03255
02 03256
ed 03257
db 03258
70 03259
00 03260
bb 03261
0b 03262
04 03263
ff 03264
08 03265
04 03266
00 03267
02 03268
02 03269
ed 03270
53 03271
71 03272
00 03273
bb 03274
0b 03275
04 03276
ff 03277
08 03278
04 03279
00 03280
02 03281
02 03282
ed 03283
cb 03284
71 03285
00 03286
bb 03287
0b 03288
04 03289
ff 03290
08 03291
04 03292
00 03293
02 03294
02 03295
ee 03296
43 03297
72 03298
00 03299
bb 03300
0b 03301
04 03302
ff 03303
08 03304
04 03305
00 03306
02 03307
02 03308
e4 03309
bb 03310
72 03311
00 03312
bb 03313
0b 03314
04 03315
ff 03316
08 03317
04 03318
00 03319
02 03320
02 03321
dc 03322
33 03323
73 03324
00 03325
bb 03326
0b 03327
04 03328
ff 03329
08 03330
04 03331
00 03332
02 03333
02 03334
d3 03335
ab 03336
73 03337
00 03338
bb 03339
0b 03340
04 03341
ff 03342
08 03343
04 03344
00 03345
02 03346
02 03347
c9 03348
23 03349
74 03350
00 03351
bb 03352
0b 03353
04 03354
ff 03355
08 03356
04 03357
00 03358
02 03359
02 03360
c0 03361
9b 03362
74 03363
00 03364
bb 03365
0b 03366
04 03367
ff 03368
08 03369
04 03370
00 03371
02 03372
02 03373
b7 03374
13 03375
75 03376
00 03377
bb 03378
0b 03379
04 03380
ff 03381
08 03382
04 03383
00 03384
02 03385
02 03386
af 03387
8b 03388
75 03389
00 03390
bb 03391
0b 03392
04 03393
ff 03394
08 03395
04 03396
00 03397
02 03398
02 03399
a5 03400
03 03401
76 03402
00 03403
bb 03404
0b 03405
04 03406
ff 03407
08 03408
04 03409
00 03410
02 03411
02 03412
9b 03413
7b 03414
76 03415
00 03416
bb 03417
0b 03418
04 03419
ff 03420
08 03421
04 03422
00 03423
02 03424
02 03425
91 03426
f3 03427
76 03428
00 03429
bb 03430
0b 03431
04 03432
ff 03433
08 03434
04 03435
00 03436
02 03437
02 03438
87 03439
6b 03440
77 03441
00 03442
bb 03443
0b 03444
04 03445
ff 03446
08 03447
04 03448
00 03449
02 03450
02 03451
7d 03452
e3 03453
77 03454
00 03455
bb 03456
0b 03457
04 03458
ff 03459
08 03460
04 03461
00 03462
02 03463
02 03464
72 03465
5b 03466
78 03467
00 03468
bb 03469
0b 03470
04 03471
ff 03472
08 03473
04 03474
00 03475
02 03476
02 03477
68 03478
d3 03479
78 03480
00 03481
bb 03482
0b 03483
04 03484
ff 03485
08 03486
04 03487
00 03488
02 03489
02 03490
5c 03491
4b 03492
79 03493
00 03494
bb 03495
0b 03496
04 03497
ff 03498
08 03499
04 03500
00 03501
02 03502
02 03503
4f 03504
c3 03505
79 03506
00 03507
bb 03508
0b 03509
04 03510
ff 03511
08 03512
04 03513
00 03514
02 03515
02 03516
43 03517
3b 03518
7a 03519
00 03520
bb 03521
0b 03522
04 03523
ff 03524
08 03525
04 03526
00 03527
02 03528
02 03529
37 03530
b3 03531
7a 03532
00 03533
bb 03534
0b 03535
04 03536
ff 03537
08 03538
04 03539
00 03540
02 03541
02 03542
2a 03543
2b 03544
7b 03545
00 03546
bb 03547
0b 03548
04 03549
ff 03550
08 03551
04 03552
00 03553
02 03554
02 03555
1e 03556
a3 03557
7b 03558
00 03559
aa 03560
04 03561
07 03562
01 03563
23 03564
fd 03565
07 03566
01 03567
08 03568
0e 03569
00 03570
02 03571
01 03572
01 03573
bb 03574
07 03575
04 03576
0e 03577
04 03578
01 03579
23 03580
fd 03581
00 03582
bb 03583
0b 03584
04 03585
ff 03586
08 03587
04 03588
00 03589
02 03590
02 03591
10 03592
1b 03593
7c 03594
00 03595
bb 03596
0b 03597
04 03598
ff 03599
08 03600
04 03601
00 03602
02 03603
02 03604
05 03605
93 03606
7c 03607
00 03608
bb 03609
0b 03610
04 03611
ff 03612
08 03613
04 03614
00 03615
02 03616
02 03617
f9 03618
0a 03619
7d 03620
00 03621
bb 03622
0b 03623
04 03624
ff 03625
08 03626
04 03627
00 03628
02 03629
02 03630
ee 03631
82 03632
7d 03633
00 03634
bb 03635
0b 03636
04 03637
ff 03638
08 03639
04 03640
00 03641
02 03642
02 03643
e2 03644
fa 03645
7d 03646
00 03647
bb 03648
0b 03649
04 03650
ff 03651
08 03652
04 03653
00 03654
02 03655
02 03656
d7 03657
72 03658
7e 03659
00 03660
bb 03661
0b 03662
04 03663
ff 03664
08 03665
04 03666
00 03667
02 03668
02 03669
cb 03670
ea 03671
7e 03672
00 03673
bb 03674
0b 03675
04 03676
ff 03677
08 03678
04 03679
00 03680
02 03681
02 03682
c0 03683
62 03684
7f 03685
00 03686
bb 03687
0b 03688
04 03689
ff 03690
08 03691
04 03692
00 03693
02 03694
02 03695
bf 03696
da 03697
7f 03698
00 03699
bb 03700
0b 03701
04 03702
ff 03703
08 03704
04 03705
00 03706
02 03707
02 03708
be 03709
52 03710
80 03711
00 03712
bb 03713
0b 03714
04 03715
ff 03716
08 03717
04 03718
00 03719
02 03720
02 03721
bc 03722
ca 03723
80 03724
00 03725
bb 03726
0b 03727
04 03728
ff 03729
08 03730
04 03731
00 03732
02 03733
02 03734
bb 03735
42 03736
81 03737
00 03738
bb 03739
0b 03740
04 03741
ff 03742
08 03743
04 03744
00 03745
02 03746
02 03747
ba 03748
ba 03749
81 03750
00 03751
bb 03752
0b 03753
04 03754
ff 03755
08 03756
04 03757
00 03758
02 03759
02 03760
b9 03761
32 03762
82 03763
00 03764
bb 03765
0b 03766
04 03767
ff 03768
08 03769
04 03770
00 03771
02 03772
02 03773
b8 03774
aa 03775
82 03776
00 03777
bb 03778
0b 03779
04 03780
ff 03781
08 03782
04 03783
00 03784
02 03785
02 03786
b7 03787
22 03788
83 03789
00 03790
bb 03791
0b 03792
04 03793
ff 03794
08 03795
04 03796
00 03797
02 03798
02 03799
b4 03800
9a 03801
83 03802
00 03803
bb 03804
0b 03805
04 03806
ff 03807
08 03808
04 03809
00 03810
02 03811
02 03812
b2 03813
12 03814
84 03815
00 03816
bb 03817
0b 03818
04 03819
ff 03820
08 03821
04 03822
00 03823
02 03824
02 03825
b0 03826
8a 03827
84 03828
00 03829
bb 03830
0b 03831
04 03832
ff 03833
08 03834
04 03835
00 03836
02 03837
02 03838
ad 03839
02 03840
85 03841
00 03842
bb 03843
0b 03844
04 03845
ff 03846
08 03847
04 03848
00 03849
02 03850
02 03851
aa 03852
7a 03853
85 03854
00 03855
bb 03856
0b 03857
04 03858
ff 03859
08 03860
04 03861
00 03862
02 03863
02 03864
a8 03865
f2 03866
85 03867
00 03868
bb 03869
0b 03870
04 03871
ff 03872
08 03873
04 03874
00 03875
02 03876
02 03877
9c 03878
6a 03879
86 03880
00 03881
bb 03882
0b 03883
04 03884
ff 03885
08 03886
04 03887
00 03888
02 03889
02 03890
90 03891
e2 03892
86 03893
00 03894
bb 03895
0b 03896
04 03897
ff 03898
08 03899
04 03900
00 03901
02 03902
02 03903
84 03904
5a 03905
87 03906
00 03907
bb 03908
0b 03909
04 03910
ff 03911
08 03912
04 03913
00 03914
02 03915
02 03916
76 03917
d2 03918
87 03919
00 03920
bb 03921
0b 03922
04 03923
ff 03924
08 03925
04 03926
00 03927
02 03928
02 03929
6a 03930
4a 03931
88 03932
00 03933
bb 03934
0b 03935
04 03936
ff 03937
08 03938
04 03939
00 03940
02 03941
02 03942
5d 03943
c2 03944
88 03945
00 03946
bb 03947
0b 03948
04 03949
ff 03950
08 03951
04 03952
00 03953
02 03954
02 03955
51 03956
3a 03957
89 03958
00 03959
bb 03960
0b 03961
04 03962
ff 03963
08 03964
04 03965
00 03966
02 03967
02 03968
45 03969
b2 03970
89 03971
00 03972
bb 03973
0b 03974
04 03975
ff 03976
08 03977
04 03978
00 03979
02 03980
02 03981
38 03982
2a 03983
8a 03984
00 03985
bb 03986
0b 03987
04 03988
ff 03989
08 03990
04 03991
00 03992
02 03993
02 03994
2c 03995
a2 03996
8a 03997
00 03998
bb 03999
0b 04000
04 04001
ff 04002
08 04003
04 04004
00 04005
02 04006
02 04007
1f 04008
1a 04009
8b 04010
00 04011
bb 04012
0b 04013
04 04014
ff 04015
08 04016
04 04017
00 04018
02 04019
02 04020
13 04021
92 04022
8b 04023
00 04024
bb 04025
0b 04026
04 04027
ff 04028
08 04029
04 04030
00 04031
02 04032
02 04033
06 04034
0a 04035
8c 04036
00 04037
bb 04038
0b 04039
04 04040
ff 04041
08 04042
04 04043
00 04044
02 04045
02 04046
fa 04047
81 04048
8c 04049
00 04050
bb 04051
0b 04052
04 04053
ff 04054
08 04055
04 04056
00 04057
02 04058
02 04059
f5 04060
f9 04061
8c 04062
00 04063
bb 04064
0b 04065
04 04066
ff 04067
08 04068
04 04069
00 04070
02 04071
02 04072
ef 04073
71 04074
8d 04075
00 04076
bb 04077
0b 04078
04 04079
ff 04080
08 04081
04 04082
00 04083
02 04084
02 04085
ea 04086
e9 04087
8d 04088
00 04089
bb 04090
0b 04091
04 04092
ff 04093
08 04094
04 04095
00 04096
02 04097
02 04098
e3 04099
61 04100
8e 04101
00 04102
bb 04103
0b 04104
04 04105
ff 04106
08 04107
04 04108
00 04109
02 04110
02 04111
df 04112
d9 04113
8e 04114
00 04115
bb 04116
0b 04117
04 04118
ff 04119
08 04120
04 04121
00 04122
02 04123
02 04124
d9 04125
51 04126
8f 04127
00 04128
bb 04129
0b 04130
04 04131
ff 04132
08 04133
04 04134
00 04135
02 04136
02 04137
d3 04138
c9 04139
8f 04140
00 04141
bb 04142
0b 04143
04 04144
ff 04145
08 04146
04 04147
00 04148
02 04149
02 04150
ce 04151
41 04152
90 04153
00 04154
bb 04155
0b 04156
04 04157
ff 04158
08 04159
04 04160
00 04161
02 04162
02 04163
cb 04164
b9 04165
90 04166
00 04167
bb 04168
0b 04169
04 04170
ff 04171
08 04172
04 04173
00 04174
02 04175
02 04176
c9 04177
31 04178
91 04179
00 04180
bb 04181
0b 04182
04 04183
ff 04184
08 04185
04 04186
00 04187
02 04188
02 04189
c7 04190
a9 04191
91 04192
00 04193
bb 04194
0b 04195
04 04196
ff 04197
08 04198
04 04199
00 04200
02 04201
02 04202
c4 04203
21 04204
92 04205
00 04206
bb 04207
0b 04208
04 04209
ff 04210
08 04211
04 04212
00 04213
02 04214
02 04215
c2 04216
99 04217
92 04218
00 04219
bb 04220
0b 04221
04 04222
ff 04223
08 04224
04 04225
00 04226
02 04227
02 04228
c0 04229
11 04230
93 04231
00 04232
bb 04233
0b 04234
04 04235
ff 04236
08 04237
04 04238
00 04239
02 04240
02 04241
b9 04242
89 04243
93 04244
00 04245
bb 04246
0b 04247
04 04248
ff 04249
08 04250
04 04251
00 04252
02 04253
02 04254
b1 04255
01 04256
94 04257
00 04258
bb 04259
0b 04260
04 04261
ff 04262
08 04263
04 04264
00 04265
02 04266
02 04267
a9 04268
79 04269
94 04270
00 04271
bb 04272
0b 04273
04 04274
ff 04275
08 04276
04 04277
00 04278
02 04279
02 04280
a2 04281
f1 04282
94 04283
00 04284
bb 04285
0b 04286
04 04287
ff 04288
08 04289
04 04290
00 04291
02 04292
02 04293
9a 04294
69 04295
95 04296
00 04297
bb 04298
0b 04299
04 04300
ff 04301
08 04302
04 04303
00 04304
02 04305
02 04306
93 04307
e1 04308
95 04309
00 04310
bb 04311
0b 04312
04 04313
ff 04314
08 04315
04 04316
00 04317
02 04318
02 04319
8b 04320
59 04321
96 04322
00 04323
bb 04324
0b 04325
04 04326
ff 04327
08 04328
04 04329
00 04330
02 04331
02 04332
83 04333
d1 04334
96 04335
00 04336
bb 04337
0b 04338
04 04339
ff 04340
08 04341
04 04342
00 04343
02 04344
02 04345
7c 04346
49 04347
97 04348
00 04349
bb 04350
0b 04351
04 04352
ff 04353
08 04354
04 04355
00 04356
02 04357
02 04358
74 04359
c1 04360
97 04361
00 04362
bb 04363
0b 04364
04 04365
ff 04366
08 04367
04 04368
00 04369
02 04370
02 04371
6d 04372
39 04373
98 04374
00 04375
bb 04376
0b 04377
04 04378
ff 04379
08 04380
04 04381
00 04382
02 04383
02 04384
65 04385
b1 04386
98 04387
00 04388
bb 04389
0b 04390
04 04391
ff 04392
08 04393
04 04394
00 04395
02 04396
02 04397
5d 04398
29 04399
99 04400
00 04401
bb 04402
0b 04403
04 04404
ff 04405
08 04406
04 04407
00 04408
02 04409
02 04410
56 04411
a1 04412
99 04413
00 04414
bb 04415
0b 04416
04 04417
ff 04418
08 04419
04 04420
00 04421
02 04422
02 04423
53 04424
19 04425
9a 04426
00 04427
bb 04428
0b 04429
04 04430
ff 04431
08 04432
04 04433
00 04434
02 04435
02 04436
51 04437
91 04438
9a 04439
00 04440
bb 04441
0b 04442
04 04443
ff 04444
08 04445
04 04446
00 04447
02 04448
02 04449
4f 04450
09 04451
9b 04452
00 04453
bb 04454
0b 04455
04 04456
ff 04457
08 04458
04 04459
00 04460
02 04461
02 04462
4d 04463
81 04464
9b 04465
00 04466
bb 04467
0b 04468
04 04469
ff 04470
08 04471
04 04472
00 04473
02 04474
02 04475
4a 04476
f9 04477
9b 04478
00 04479
bb 04480
0b 04481
04 04482
ff 04483
08 04484
04 04485
00 04486
02 04487
02 04488
48 04489
71 04490
9c 04491
00 04492
bb 04493
0b 04494
04 04495
ff 04496
08 04497
04 04498
00 04499
02 04500
02 04501
46 04502
e9 04503
9c 04504
00 04505
bb 04506
0b 04507
04 04508
ff 04509
08 04510
04 04511
00 04512
02 04513
02 04514
45 04515
61 04516
9d 04517
00 04518
bb 04519
0b 04520
04 04521
ff 04522
08 04523
04 04524
00 04525
02 04526
02 04527
40 04528
d9 04529
9d 04530
00 04531
aa 04532
04 04533
07 04534
01 04535
23 04536
fd 04537
07 04538
01 04539
08 04540
0e 04541
00 04542
02 04543
01 04544
00 04545
bb 04546
07 04547
04 04548
0e 04549
04 04550
01 04551
23 04552
fd 04553
00 04554
bb 04555
0b 04556
04 04557
ff 04558
08 04559
04 04560
00 04561
02 04562
02 04563
3a 04564
51 04565
9e 04566
00 04567
bb 04568
0b 04569
04 04570
ff 04571
08 04572
04 04573
00 04574
02 04575
02 04576
35 04577
c9 04578
9e 04579
00 04580
bb 04581
0b 04582
04 04583
ff 04584
08 04585
04 04586
00 04587
02 04588
02 04589
2f 04590
41 04591
9f 04592
00 04593
bb 04594
0b 04595
04 04596
ff 04597
08 04598
04 04599
00 04600
02 04601
02 04602
2a 04603
b9 04604
9f 04605
00 04606
bb 04607
0b 04608
04 04609
ff 04610
08 04611
04 04612
00 04613
02 04614
02 04615
25 04616
31 04617
a0 04618
00 04619
bb 04620
0b 04621
04 04622
ff 04623
08 04624
04 04625
00 04626
02 04627
02 04628
1a 04629
a9 04630
a0 04631
00 04632
bb 04633
0b 04634
04 04635
ff 04636
08 04637
04 04638
00 04639
02 04640
02 04641
0f 04642
21 04643
a1 04644
00 04645
bb 04646
0b 04647
04 04648
ff 04649
08 04650
04 04651
00 04652
02 04653
02 04654
04 04655
99 04656
a1 04657
00 04658
bb 04659
0b 04660
04 04661
ff 04662
08 04663
04 04664
00 04665
02 04666
02 04667
f8 04668
10 04669
a2 04670
00 04671
bb 04672
0b 04673
04 04674
ff 04675
08 04676
04 04677
00 04678
02 04679
02 04680
ee 04681
88 04682
a2 04683
00 04684
bb 04685
0b 04686
04 04687
ff 04688
08 04689
04 04690
00 04691
02 04692
02 04693
e3 04694
00 04695
a3 04696
00 04697
bb 04698
0b 04699
04 04700
ff 04701
08 04702
04 04703
00 04704
02 04705
02 04706
d8 04707
78 04708
a3 04709
00 04710
bb 04711
0b 04712
04 04713
ff 04714
08 04715
04 04716
00 04717
02 04718
02 04719
cd 04720
f0 04721
a3 04722
00 04723
bb 04724
0b 04725
04 04726
ff 04727
08 04728
04 04729
00 04730
02 04731
02 04732
c3 04733
68 04734
a4 04735
00 04736
bb 04737
0b 04738
04 04739
ff 04740
08 04741
04 04742
00 04743
02 04744
02 04745
b9 04746
e0 04747
a4 04748
00 04749
bb 04750
0b 04751
04 04752
ff 04753
08 04754
04 04755
00 04756
02 04757
02 04758
af 04759
58 04760
a5 04761
00 04762
bb 04763
0b 04764
04 04765
ff 04766
08 04767
04 04768
00 04769
02 04770
02 04771
a5 04772
d0 04773
a5 04774
00 04775
bb 04776
0b 04777
04 04778
ff 04779
08 04780
04 04781
00 04782
02 04783
02 04784
9c 04785
48 04786
a6 04787
00 04788
bb 04789
0b 04790
04 04791
ff 04792
08 04793
04 04794
00 04795
02 04796
02 04797
92 04798
c0 04799
a6 04800
00 04801
bb 04802
0b 04803
04 04804
ff 04805
08 04806
04 04807
00 04808
02 04809
02 04810
9e 04811
38 04812
a7 04813
00 04814
bb 04815
0b 04816
04 04817
ff 04818
08 04819
04 04820
00 04821
02 04822
02 04823
aa 04824
b0 04825
a7 04826
00 04827
bb 04828
0b 04829
04 04830
ff 04831
08 04832
04 04833
00 04834
02 04835
02 04836
b6 04837
28 04838
a8 04839
00 04840
bb 04841
0b 04842
04 04843
ff 04844
08 04845
04 04846
00 04847
02 04848
02 04849
c3 04850
a0 04851
a8 04852
00 04853
bb 04854
0b 04855
04 04856
ff 04857
08 04858
04 04859
00 04860
02 04861
02 04862
cf 04863
18 04864
a9 04865
00 04866
bb 04867
0b 04868
04 04869
ff 04870
08 04871
04 04872
00 04873
02 04874
02 04875
db 04876
90 04877
a9 04878
00 04879
bb 04880
0b 04881
04 04882
ff 04883
08 04884
04 04885
00 04886
02 04887
02 04888
e7 04889
08 04890
aa 04891
00 04892
bb 04893
0b 04894
04 04895
ff 04896
08 04897
04 04898
00 04899
02 04900
02 04901
f3 04902
80 04903
aa 04904
00 04905
bb 04906
0b 04907
04 04908
ff 04909
08 04910
04 04911
00 04912
02 04913
02 04914
fe 04915
f8 04916
aa 04917
00 04918
bb 04919
0b 04920
04 04921
ff 04922
08 04923
04 04924
00 04925
02 04926
02 04927
0b 04928
71 04929
ab 04930
00 04931
bb 04932
0b 04933
04 04934
ff 04935
08 04936
04 04937
00 04938
02 04939
02 04940
16 04941
e9 04942
ab 04943
00 04944
bb 04945
0b 04946
04 04947
ff 04948
08 04949
04 04950
00 04951
02 04952
02 04953
22 04954
61 04955
ac 04956
00 04957
bb 04958
0b 04959
04 04960
ff 04961
08 04962
04 04963
00 04964
02 04965
02 04966
2f 04967
d9 04968
ac 04969
00 04970
bb 04971
0b 04972
04 04973
ff 04974
08 04975
04 04976
00 04977
02 04978
02 04979
3b 04980
51 04981
ad 04982
00 04983
bb 04984
0b 04985
04 04986
ff 04987
08 04988
04 04989
00 04990
02 04991
02 04992
2f 04993
c9 04994
ad 04995
00 04996
bb 04997
0b 04998
04 04999
ff 05000
08 05001
04 05002
00 05003
02 05004
02 05005
24 05006
41 05007
ae 05008
00 05009
bb 05010
0b 05011
04 05012
ff 05013
08 05014
04 05015
00 05016
02 05017
02 05018
19 05019
b9 05020
ae 05021
00 05022
bb 05023
0b 05024
04 05025
ff 05026
08 05027
04 05028
00 05029
02 05030
02 05031
0e 05032
31 05033
af 05034
00 05035
bb 05036
0b 05037
04 05038
ff 05039
08 05040
04 05041
00 05042
02 05043
02 05044
02 05045
a9 05046
af 05047
00 05048
bb 05049
0b 05050
04 05051
ff 05052
08 05053
04 05054
00 05055
02 05056
02 05057
f7 05058
20 05059
b0 05060
00 05061
bb 05062
0b 05063
04 05064
ff 05065
08 05066
04 05067
00 05068
02 05069
02 05070
eb 05071
98 05072
b0 05073
00 05074
bb 05075
0b 05076
04 05077
ff 05078
08 05079
04 05080
00 05081
02 05082
02 05083
e0 05084
10 05085
b1 05086
00 05087
bb 05088
0b 05089
04 05090
ff 05091
08 05092
04 05093
00 05094
02 05095
02 05096
d3 05097
88 05098
b1 05099
00 05100
bb 05101
0b 05102
04 05103
ff 05104
08 05105
04 05106
00 05107
02 05108
02 05109
c7 05110
00 05111
b2 05112
00 05113
bb 05114
0b 05115
04 05116
ff 05117
08 05118
04 05119
00 05120
02 05121
02 05122
bb 05123
78 05124
b2 05125
00 05126
bb 05127
0b 05128
04 05129
ff 05130
08 05131
04 05132
00 05133
02 05134
02 05135
ae 05136
f0 05137
b2 05138
00 05139
bb 05140
0b 05141
04 05142
ff 05143
08 05144
04 05145
00 05146
02 05147
02 05148
a2 05149
68 05150
b3 05151
00 05152
bb 05153
0b 05154
04 05155
ff 05156
08 05157
04 05158
00 05159
02 05160
02 05161
95 05162
e0 05163
b3 05164
00 05165
bb 05166
0b 05167
04 05168
ff 05169
08 05170
04 05171
00 05172
02 05173
02 05174
89 05175
58 05176
b4 05177
00 05178
bb 05179
0b 05180
04 05181
ff 05182
08 05183
04 05184
00 05185
02 05186
02 05187
7b 05188
d0 05189
b4 05190
00 05191
bb 05192
0b 05193
04 05194
ff 05195
08 05196
04 05197
00 05198
02 05199
02 05200
6f 05201
48 05202
b5 05203
00 05204
bb 05205
0b 05206
04 05207
ff 05208
08 05209
04 05210
00 05211
02 05212
02 05213
64 05214
c0 05215
b5 05216
00 05217
bb 05218
0b 05219
04 05220
ff 05221
08 05222
04 05223
00 05224
02 05225
02 05226
57 05227
38 05228
b6 05229
00 05230
bb 05231
0b 05232
04 05233
ff 05234
08 05235
04 05236
00 05237
02 05238
02 05239
4b 05240
b0 05241
b6 05242
00 05243
bb 05244
0b 05245
04 05246
ff 05247
08 05248
04 05249
00 05250
02 05251
02 05252
3d 05253
28 05254
b7 05255
00 05256
bb 05257
0b 05258
04 05259
ff 05260
08 05261
04 05262
00 05263
02 05264
02 05265
30 05266
a0 05267
b7 05268
00 05269
bb 05270
0b 05271
04 05272
ff 05273
08 05274
04 05275
00 05276
02 05277
02 05278
27 05279
18 05280
b8 05281
00 05282
bb 05283
0b 05284
04 05285
ff 05286
08 05287
04 05288
00 05289
02 05290
02 05291
1c 05292
90 05293
b8 05294
00 05295
bb 05296
0b 05297
04 05298
ff 05299
08 05300
04 05301
00 05302
02 05303
02 05304
11 05305
08 05306
b9 05307
00 05308
bb 05309
0b 05310
04 05311
ff 05312
08 05313
04 05314
00 05315
02 05316
02 05317
07 05318
80 05319
b9 05320
00 05321
bb 05322
0b 05323
04 05324
ff 05325
08 05326
04 05327
00 05328
02 05329
02 05330
fd 05331
f7 05332
b9 05333
00 05334
bb 05335
0b 05336
04 05337
ff 05338
08 05339
04 05340
00 05341
02 05342
02 05343
fe 05344
6f 05345
ba 05346
00 05347
bb 05348
0b 05349
04 05350
ff 05351
08 05352
04 05353
00 05354
02 05355
02 05356
00 05357
e8 05358
ba 05359
00 05360
bb 05361
0b 05362
04 05363
ff 05364
08 05365
04 05366
00 05367
02 05368
02 05369
01 05370
60 05371
bb 05372
00 05373
bb 05374
0b 05375
04 05376
ff 05377
08 05378
04 05379
00 05380
02 05381
02 05382
03 05383
d8 05384
bb 05385
00 05386
bb 05387
0b 05388
04 05389
ff 05390
08 05391
04 05392
00 05393
02 05394
02 05395
04 05396
50 05397
bc 05398
00 05399
bb 05400
0b 05401
04 05402
ff 05403
08 05404
04 05405
00 05406
02 05407
02 05408
06 05409
c8 05410
bc 05411
00 05412
bb 05413
0b 05414
04 05415
ff 05416
08 05417
04 05418
00 05419
02 05420
02 05421
07 05422
40 05423
bd 05424
00 05425
bb 05426
0b 05427
04 05428
ff 05429
08 05430
04 05431
00 05432
02 05433
02 05434
09 05435
b8 05436
bd 05437
00 05438
bb 05439
0b 05440
04 05441
ff 05442
08 05443
04 05444
00 05445
02 05446
02 05447
0b 05448
30 05449
be 05450
00 05451
bb 05452
0b 05453
04 05454
ff 05455
08 05456
04 05457
00 05458
02 05459
02 05460
0a 05461
a8 05462
be 05463
00 05464
bb 05465
0b 05466
04 05467
ff 05468
08 05469
04 05470
00 05471
02 05472
02 05473
0c 05474
20 05475
bf 05476
00 05477
bb 05478
0b 05479
04 05480
ff 05481
08 05482
04 05483
00 05484
02 05485
02 05486
0b 05487
98 05488
bf 05489
00 05490
bb 05491
0b 05492
04 05493
ff 05494
08 05495
04 05496
00 05497
02 05498
02 05499
0c 05500
10 05501
c0 05502
00 05503
bb 05504
0b 05505
04 05506
ff 05507
08 05508
04 05509
00 05510
02 05511
02 05512
0c 05513
88 05514
c0 05515
00 05516
bb 05517
0b 05518
04 05519
ff 05520
08 05521
04 05522
00 05523
02 05524
02 05525
08 05526
00 05527
c1 05528
00 05529
bb 05530
0f 05531
04 05532
ff 05533
0c 05534
01 05535
0c 05536
01 05537
08 05538
0e 05539
00 05540
00 05541
00 05542
02 05543
00 05544
01 05545
00 05546
bb 05547
0b 05548
04 05549
ff 05550
08 05551
04 05552
00 05553
02 05554
02 05555
03 05556
78 05557
c1 05558
00 05559
bb 05560
0b 05561
04 05562
ff 05563
08 05564
04 05565
00 05566
02 05567
02 05568
ff 05569
ef 05570
c1 05571
00 05572
bb 05573
0b 05574
04 05575
ff 05576
08 05577
04 05578
00 05579
02 05580
02 05581
fc 05582
67 05583
c2 05584
00 05585
bb 05586
0b 05587
04 05588
ff 05589
08 05590
04 05591
00 05592
02 05593
02 05594
f7 05595
df 05596
c2 05597
00 05598
bb 05599
0b 05600
04 05601
ff 05602
08 05603
04 05604
00 05605
02 05606
02 05607
f2 05608
57 05609
c3 05610
00 05611
bb 05612
0b 05613
04 05614
ff 05615
08 05616
04 05617
00 05618
02 05619
02 05620
ee 05621
cf 05622
c3 05623
00 05624
bb 05625
0b 05626
04 05627
ff 05628
08 05629
04 05630
00 05631
02 05632
02 05633
ea 05634
47 05635
c4 05636
00 05637
bb 05638
0b 05639
04 05640
ff 05641
08 05642
04 05643
00 05644
02 05645
02 05646
e4 05647
bf 05648
c4 05649
00 05650
bb 05651
0b 05652
04 05653
ff 05654
08 05655
04 05656
00 05657
02 05658
02 05659
e1 05660
37 05661
c5 05662
00 05663
bb 05664
0b 05665
04 05666
ff 05667
08 05668
04 05669
00 05670
02 05671
02 05672
de 05673
af 05674
c5 05675
00 05676
bb 05677
0b 05678
04 05679
ff 05680
08 05681
04 05682
00 05683
02 05684
02 05685
db 05686
27 05687
c6 05688
00 05689
bb 05690
0b 05691
04 05692
ff 05693
08 05694
04 05695
00 05696
02 05697
02 05698
d7 05699
9f 05700
c6 05701
00 05702
bb 05703
0b 05704
04 05705
ff 05706
08 05707
04 05708
00 05709
02 05710
02 05711
d4 05712
17 05713
c7 05714
00 05715
bb 05716
0b 05717
04 05718
ff 05719
08 05720
04 05721
00 05722
02 05723
02 05724
ce 05725
8f 05726
c7 05727
00 05728
bb 05729
0b 05730
04 05731
ff 05732
08 05733
04 05734
00 05735
02 05736
02 05737
c7 05738
07 05739
c8 05740
00 05741
bb 05742
0b 05743
04 05744
ff 05745
08 05746
04 05747
00 05748
02 05749
02 05750
c1 05751
7f 05752
c8 05753
00 05754
bb 05755
0b 05756
04 05757
ff 05758
08 05759
04 05760
00 05761
02 05762
02 05763
bb 05764
f7 05765
c8 05766
00 05767
bb 05768
0b 05769
04 05770
ff 05771
08 05772
04 05773
00 05774
02 05775
02 05776
b3 05777
6f 05778
c9 05779
00 05780
bb 05781
0b 05782
04 05783
ff 05784
08 05785
04 05786
00 05787
02 05788
02 05789
ad 05790
e7 05791
c9 05792
00 05793
bb 05794
0b 05795
04 05796
ff 05797
08 05798
04 05799
00 05800
02 05801
02 05802
a7 05803
5f 05804
ca 05805
00 05806
bb 05807
0b 05808
04 05809
ff 05810
08 05811
04 05812
00 05813
02 05814
02 05815
a0 05816
d7 05817
ca 05818
00 05819
bb 05820
0b 05821
04 05822
ff 05823
08 05824
04 05825
00 05826
02 05827
02 05828
9b 05829
4f 05830
cb 05831
00 05832
bb 05833
0b 05834
04 05835
ff 05836
08 05837
04 05838
00 05839
02 05840
02 05841
93 05842
c7 05843
cb 05844
00 05845
bb 05846
0b 05847
04 05848
ff 05849
08 05850
04 05851
00 05852
02 05853
02 05854
8a 05855
3f 05856
cc 05857
00 05858
bb 05859
0b 05860
04 05861
ff 05862
08 05863
04 05864
00 05865
02 05866
02 05867
82 05868
b7 05869
cc 05870
00 05871
bb 05872
0b 05873
04 05874
ff 05875
08 05876
04 05877
00 05878
02 05879
02 05880
79 05881
2f 05882
cd 05883
00 05884
bb 05885
0b 05886
04 05887
ff 05888
08 05889
04 05890
00 05891
02 05892
02 05893
71 05894
a7 05895
cd 05896
00 05897
bb 05898
0b 05899
04 05900
ff 05901
08 05902
04 05903
00 05904
02 05905
02 05906
6a 05907
1f 05908
ce 05909
00 05910
bb 05911
0b 05912
04 05913
ff 05914
08 05915
04 05916
00 05917
02 05918
02 05919
63 05920
97 05921
ce 05922
00 05923
bb 05924
0b 05925
04 05926
ff 05927
08 05928
04 05929
00 05930
02 05931
02 05932
5c 05933
0f 05934
cf 05935
00 05936
bb 05937
0b 05938
04 05939
ff 05940
08 05941
04 05942
00 05943
02 05944
02 05945
55 05946
87 05947
cf 05948
00 05949
bb 05950
0b 05951
04 05952
ff 05953
08 05954
04 05955
00 05956
02 05957
02 05958
4e 05959
ff 05960
cf 05961
00 05962
bb 05963
0b 05964
04 05965
ff 05966
08 05967
04 05968
00 05969
02 05970
02 05971
47 05972
77 05973
d0 05974
00 05975
SENDCMD @0 4 0 ogf 3 ocf 3 OGF_CONTROLLER OCF_HCI_RESET plen 0
ISR @7 7
evt 0e evtlen 04
"EVT_CMD_COMPLETE_CODE"
[03,003]
status 00
SENDCMD @16 4 8 ogf 3f ocf c OGF_VENDOR_CMD OCF_HAL_WRITE_CONFIG_DATA plen 8
ISR @31 7
evt 0e evtlen 04
"EVT_CMD_COMPLETE_CODE"
[3f,00c]
status 00
SENDCMD @40 4 8 ogf 3f ocf c OGF_VENDOR_CMD OCF_HAL_WRITE_CONFIG_DATA plen 8
ISR @55 7
evt 0e evtlen 04
"EVT_CMD_COMPLETE_CODE"
[3f,00c]
status 00
SENDCMD @64 4 18 ogf 3f ocf c OGF_VENDOR_CMD OCF_HAL_WRITE_CONFIG_DATA plen 18
ISR @89 7
evt 0e evtlen 04
"EVT_CMD_COMPLETE_CODE"
[3f,00c]
status 00
SENDCMD @98 4 18 ogf 3f ocf c OGF_VENDOR_CMD OCF_HAL_WRITE_CONFIG_DATA plen 18
ISR @123 7
evt 0e evtlen 04
"EVT_CMD_COMPLETE_CODE"
[3f,00c]
status 00
SENDCMD @132 4 2 ogf 3f ocf f OGF_VENDOR_CMD OCF_HAL_SET_TX_POWER_LEVEL plen 2
ISR @141 7
evt 0e evtlen 04
"EVT_CMD_COMPLETE_CODE"
[3f,00f]
status 00
SENDCMD @150 4 0 ogf 3f ocf 101 OGF_VENDOR_CMD OCF_GATT_INIT plen 0
ISR @157 7
evt 0e evtlen 04
"EVT_CMD_COMPLETE_CODE"
[3f,101]
status 00
SENDCMD @166 4 3 ogf 3f ocf 8a OGF_VENDOR_CMD OCF_GAP_INIT plen 3
ISR @176 13
evt 0e evtlen 0a
"EVT_CMD_COMPLETE_CODE"
[3f,08a]
status 00
service_handle 0005
dev_name_char_handle 0006
appearance_char_handle 0008
SENDCMD @191 4 13 ogf 3f ocf 106 OGF_VENDOR_CMD OCF_GATT_UPD_CHAR_VAL plen 13
ts 5453: servh 0005 charh 0006 cvo 0 cvl 7
4d 33 32 57 42 
ISR @211 7
evt 0e evtlen 04
"EVT_CMD_COMPLETE_CODE"
[3f,106]
status 00
SENDCMD @220 4 8 ogf 3f ocf 106 OGF_VENDOR_CMD OCF_GATT_UPD_CHAR_VAL plen 8
ts 0000: servh 0005 charh 0008 cvo 0 cvl 2

ISR @235 7
evt 0e evtlen 04
"EVT_CMD_COMPLETE_CODE"
[3f,106]
status 00
SENDCMD @244 4 3 ogf 8 ocf 31 OGF_LE_CTL OCF_LE_SET_DEFAULT_PHY plen 3
ISR @254 7
evt 0e evtlen 04
"EVT_CMD_COMPLETE_CODE"
[08,031]
status 00
SENDCMD @263 4 1 ogf 3f ocf 85 OGF_VENDOR_CMD OCF_GAP_SET_IO_CAPABILITY plen 1
ISR @271 7
evt 0e evtlen 04
"EVT_CMD_COMPLETE_CODE"
[3f,085]
status 00
SENDCMD @280 4 12 ogf 3f ocf 86 OGF_VENDOR_CMD OCF_GAP_SET_AUTH_REQUIREMENT plen 12
ISR @299 7
evt 0e evtlen 04
"EVT_CMD_COMPLETE_CODE"
[3f,086]
status 00
SENDCMD @308 4 0 ogf 3f ocf 92 OGF_VENDOR_CMD OCF_GAP_CONFIGURE_WHITELIST plen 0
ISR @315 7
evt 0e evtlen 04
"EVT_CMD_COMPLETE_CODE"
[3f,092]
status 00
SENDCMD @324 4 19 ogf 3f ocf 102 OGF_VENDOR_CMD OCF_GATT_ADD_SERV plen 19
service_uuid_type 02
8f e5 b3 d5 2e 7f 4a 98 2a 48 7a cc 40 fe 00 00 
service_type 01
max_attr_records 08
ISR @350 9
evt 0e evtlen 06
"EVT_CMD_COMPLETE_CODE"
[3f,102]
status 00
handle 000c
SENDCMD @361 4 26 ogf 3f ocf 104 OGF_VENDOR_CMD OCF_GATT_ADD_CHAR plen 26
service handle 000c
uuid type 02
19 ed 82 ae ed 21 4c 9d 41 45 22 8e 41 fe 00 00 
charvaluelen 0002
charproperties 06
secpermissions 00
gattevtmask 01
encrykeysize 0a
isvariable 01
ISR @394 9
evt 0e evtlen 06
"EVT_CMD_COMPLETE_CODE"
[3f,104]
status 00
handle 000d
SENDCMD @405 4 26 ogf 3f ocf 104 OGF_VENDOR_CMD OCF_GATT_ADD_CHAR plen 26
service handle 000c
uuid type 02
19 ed 82 ae ed 21 4c 9d 41 45 22 8e 42 fe 00 00 
charvaluelen 0002
charproperties 10
secpermissions 00
gattevtmask 01
encrykeysize 0a
isvariable 01
ISR @438 9
evt 0e evtlen 06
"EVT_CMD_COMPLETE_CODE"
[3f,104]
status 00
handle 000f
SENDCMD @449 4 2 ogf 3f ocf 18 OGF_VENDOR_CMD OCF_HAL_SET_RADIO_ACTIVITY_MASK plen 2
ISR @458 7
evt 0e evtlen 04
"EVT_CMD_COMPLETE_CODE"
[3f,018]
status 00
SENDCMD @467 4 0 ogf 4 ocf 1 OGF_INFO_PARAM OCF_READ_LOCAL_VERSION plen 0
ISR @474 15
evt 0e evtlen 0c
"EVT_CMD_COMPLETE_CODE"
[04,001]
status 00
hci_version 09
hci_revision 0028
lmp_pal_version 09
manufacturer name 0030
lmp_pal_subversion 2828
SENDCMD @491 4 32 ogf 8 ocf 9 OGF_LE_CTL OCF_LE_SET_SCAN_RESPONSE_DATA plen 32
ISR @530 7
evt 0e evtlen 04
"EVT_CMD_COMPLETE_CODE"
[08,009]
status 00
SENDCMD @539 4 21 ogf 3f ocf 83 OGF_VENDOR_CMD OCF_GAP_SET_DISCOVERABLE plen 21
ISR @567 7
evt 0e evtlen 04
"EVT_CMD_COMPLETE_CODE"
[3f,083]
status 00
SENDCMD @576 4 15 ogf 3f ocf 8e OGF_VENDOR_CMD OCF_GAP_UPDATE_ADV_DATA plen 15
ISR @598 7
evt 0e evtlen 04
"EVT_CMD_COMPLETE_CODE"
[3f,08e]
status 00
ISR @607 11
evt ff evtlen 08
"EVT_VENDOR"
ecode 0004
ISR @620 11
evt ff evtlen 08
"EVT_VENDOR"
ecode 0004
ISR @633 11
evt ff evtlen 08
"EVT_VENDOR"
ecode 0004
ISR @646 11
evt ff evtlen 08
"EVT_VENDOR"
ecode 0004
ISR @659 11
evt ff evtlen 08
"EVT_VENDOR"
ecode 0004
ISR @672 11
evt ff evtlen 08
"EVT_VENDOR"
ecode 0004
ISR @685 11
evt ff evtlen 08
"EVT_VENDOR"
ecode 0004
ISR @698 11
evt ff evtlen 08
"EVT_VENDOR"
ecode 0004
ISR @711 11
evt ff evtlen 08
"EVT_VENDOR"
ecode 0004
ISR @724 11
evt ff evtlen 08
"EVT_VENDOR"
ecode 0004
ISR @737 11
evt ff evtlen 08
"EVT_VENDOR"
ecode 0004
ISR @750 11
evt ff evtlen 08
"EVT_VENDOR"
ecode 0004
ISR @763 11
evt ff evtlen 08
"EVT_VENDOR"
ecode 0004
ISR @776 11
evt ff evtlen 08
"EVT_VENDOR"
ecode 0004
ISR @789 11
evt ff evtlen 08
"EVT_VENDOR"
ecode 0004
ISR @802 11
evt ff evtlen 08
"EVT_VENDOR"
ecode 0004
ISR @815 11
evt ff evtlen 08
"EVT_VENDOR"
ecode 0004
ISR @828 11
evt ff evtlen 08
"EVT_VENDOR"
ecode 0004
ISR @841 11
evt ff evtlen 08
"EVT_VENDOR"
ecode 0004
ISR @854 11
evt ff evtlen 08
"EVT_VENDOR"
ecode 0004
ISR @867 11
evt ff evtlen 08
"EVT_VENDOR"
ecode 0004
ISR @880 11
evt ff evtlen 08
"EVT_VENDOR"
ecode 0004
ISR @893 11
evt ff evtlen 08
"EVT_VENDOR"
ecode 0004
ISR @906 11
evt ff evtlen 08
"EVT_VENDOR"
ecode 0004
ISR @919 11
evt ff evtlen 08
"EVT_VENDOR"
ecode 0004
ISR @932 11
evt ff evtlen 08
"EVT_VENDOR"
ecode 0004
ISR @945 11
evt ff evtlen 08
"EVT_VENDOR"
ecode 0004
ISR @958 11
evt ff evtlen 08
"EVT_VENDOR"
ecode 0004
ISR @971 11
evt ff evtlen 08
"EVT_VENDOR"
ecode 0004
ISR @984 11
evt ff evtlen 08
"EVT_VENDOR"
ecode 0004
ISR @997 11
evt ff evtlen 08
"EVT_VENDOR"
ecode 0004
ISR @1010 11
evt ff evtlen 08
"EVT_VENDOR"
ecode 0004
ISR @1023 11
evt ff evtlen 08
"EVT_VENDOR"
ecode 0004
ISR @1036 11
evt ff evtlen 08
"EVT_VENDOR"
ecode 0004
ISR @1049 11
evt ff evtlen 08
"EVT_VENDOR"
ecode 0004
ISR @1062 11
evt ff evtlen 08
"EVT_VENDOR"
ecode 0004
ISR @1075 11
evt ff evtlen 08
"EVT_VENDOR"
ecode 0004
ISR @1088 11
evt ff evtlen 08
"EVT_VENDOR"
ecode 0004
ISR @1101 11
evt ff evtlen 08
"EVT_VENDOR"
ecode 0004
ISR @1114 11
evt ff evtlen 08
"EVT_VENDOR"
ecode 0004
ISR @1127 11
evt ff evtlen 08
"EVT_VENDOR"
ecode 0004
ISR @1140 11
evt ff evtlen 08
"EVT_VENDOR"
ecode 0004
ISR @1153 11
evt ff evtlen 08
"EVT_VENDOR"
ecode 0004
ISR @1166 11
evt ff evtlen 08
"EVT_VENDOR"
ecode 0004
ISR @1179 11
evt ff evtlen 08
"EVT_VENDOR"
ecode 0004
ISR @1192 11
evt ff evtlen 08
"EVT_VENDOR"
ecode 0004
ISR @1205 11
evt ff evtlen 08
"EVT_VENDOR"
ecode 0004
ISR @1218 11
evt ff evtlen 08
"EVT_VENDOR"
ecode 0004
ISR @1231 11
evt ff evtlen 08
"EVT_VENDOR"
ecode 0004
ISR @1244 11
evt ff evtlen 08
"EVT_VENDOR"
ecode 0004
ISR @1257 11
evt ff evtlen 08
"EVT_VENDOR"
ecode 0004
ISR @1270 11
evt ff evtlen 08
"EVT_VENDOR"
ecode 0004
ISR @1283 11
evt ff evtlen 08
"EVT_VENDOR"
ecode 0004
ISR @1296 11
evt ff evtlen 08
"EVT_VENDOR"
ecode 0004
ISR @1309 11
evt ff evtlen 08
"EVT_VENDOR"
ecode 0004
ISR @1322 11
evt ff evtlen 08
"EVT_VENDOR"
ecode 0004
ISR @1335 11
evt ff evtlen 08
"EVT_VENDOR"
ecode 0004
ISR @1348 11
evt ff evtlen 08
"EVT_VENDOR"
ecode 0004
ISR @1361 11
evt ff evtlen 08
"EVT_VENDOR"
ecode 0004
ISR @1374 11
evt ff evtlen 08
"EVT_VENDOR"
ecode 0004
ISR @1387 11
evt ff evtlen 08
"EVT_VENDOR"
ecode 0004
ISR @1400 11
evt ff evtlen 08
"EVT_VENDOR"
ecode 0004
ISR @1413 11
evt ff evtlen 08
"EVT_VENDOR"
ecode 0004
ISR @1426 11
evt ff evtlen 08
"EVT_VENDOR"
ecode 0004
ISR @1439 11
evt ff evtlen 08
"EVT_VENDOR"
ecode 0004
ISR @1452 11
evt ff evtlen 08
"EVT_VENDOR"
ecode 0004
ISR @1465 11
evt ff evtlen 08
"EVT_VENDOR"
ecode 0004
ISR @1478 11
evt ff evtlen 08
"EVT_VENDOR"
ecode 0004
ISR @1491 11
evt ff evtlen 08
"EVT_VENDOR"
ecode 0004
ISR @1504 11
evt ff evtlen 08
"EVT_VENDOR"
ecode 0004
ISR @1517 11
evt ff evtlen 08
"EVT_VENDOR"
ecode 0004
ISR @1530 11
evt ff evtlen 08
"EVT_VENDOR"
ecode 0004
ISR @1543 11
evt ff evtlen 08
"EVT_VENDOR"
ecode 0004
ISR @1556 11
evt ff evtlen 08
"EVT_VENDOR"
ecode 0004
ISR @1569 11
evt ff evtlen 08
"EVT_VENDOR"
ecode 0004
ISR @1582 11
evt ff evtlen 08
"EVT_VENDOR"
ecode 0004
ISR @1595 11
evt ff evtlen 08
"EVT_VENDOR"
ecode 0004
ISR @1608 11
evt ff evtlen 08
"EVT_VENDOR"
ecode 0004
ISR @1621 11
evt ff evtlen 08
"EVT_VENDOR"
ecode 0004
ISR @1634 11
evt ff evtlen 08
"EVT_VENDOR"
ecode 0004
ISR @1647 11
evt ff evtlen 08
"EVT_VENDOR"
ecode 0004
ISR @1660 11
evt ff evtlen 08
"EVT_VENDOR"
ecode 0004
ISR @1673 11
evt ff evtlen 08
"EVT_VENDOR"
ecode 0004
ISR @1686 11
evt ff evtlen 08
"EVT_VENDOR"
ecode 0004
ISR @1699 11
evt ff evtlen 08
"EVT_VENDOR"
ecode 0004
ISR @1712 11
evt ff evtlen 08
"EVT_VENDOR"
ecode 0004
ISR @1725 11
evt ff evtlen 08
"EVT_VENDOR"
ecode 0004
ISR @1738 11
evt ff evtlen 08
"EVT_VENDOR"
ecode 0004
ISR @1751 11
evt ff evtlen 08
"EVT_VENDOR"
ecode 0004
ISR @1764 11
evt ff evtlen 08
"EVT_VENDOR"
ecode 0004
ISR @1777 11
evt ff evtlen 08
"EVT_VENDOR"
ecode 0004
ISR @1790 11
evt ff evtlen 08
"EVT_VENDOR"
ecode 0004
ISR @1803 11
evt ff evtlen 08
"EVT_VENDOR"
ecode 0004
ISR @1816 11
evt ff evtlen 08
"EVT_VENDOR"
ecode 0004
ISR @1829 11
evt ff evtlen 08
"EVT_VENDOR"
ecode 0004
ISR @1842 11
evt ff evtlen 08
"EVT_VENDOR"
ecode 0004
ISR @1855 11
evt ff evtlen 08
"EVT_VENDOR"
ecode 0004
ISR @1868 11
evt ff evtlen 08
"EVT_VENDOR"
ecode 0004
ISR @1881 11
evt ff evtlen 08
"EVT_VENDOR"
ecode 0004
ISR @1894 11
evt ff evtlen 08
"EVT_VENDOR"
ecode 0004
ISR @1907 11
evt ff evtlen 08
"EVT_VENDOR"
ecode 0004
ISR @1920 11
evt ff evtlen 08
"EVT_VENDOR"
ecode 0004
ISR @1933 11
evt ff evtlen 08
"EVT_VENDOR"
ecode 0004
ISR @1946 11
evt ff evtlen 08
"EVT_VENDOR"
ecode 0004
ISR @1959 11
evt ff evtlen 08
"EVT_VENDOR"
ecode 0004
ISR @1972 11
evt ff evtlen 08
"EVT_VENDOR"
ecode 0004
ISR @1985 11
evt ff evtlen 08
"EVT_VENDOR"
ecode 0004
ISR @1998 11
evt ff evtlen 08
"EVT_VENDOR"
ecode 0004
ISR @2011 11
evt ff evtlen 08
"EVT_VENDOR"
ecode 0004
ISR @2024 11
evt ff evtlen 08
"EVT_VENDOR"
ecode 0004
ISR @2037 11
evt ff evtlen 08
"EVT_VENDOR"
ecode 0004
ISR @2050 11
evt ff evtlen 08
"EVT_VENDOR"
ecode 0004
ISR @2063 11
evt ff evtlen 08
"EVT_VENDOR"
ecode 0004
ISR @2076 11
evt ff evtlen 08
"EVT_VENDOR"
ecode 0004
ISR @2089 11
evt ff evtlen 08
"EVT_VENDOR"
ecode 0004
ISR @2102 11
evt ff evtlen 08
"EVT_VENDOR"
ecode 0004
ISR @2115 11
evt ff evtlen 08
"EVT_VENDOR"
ecode 0004
ISR @2128 11
evt ff evtlen 08
"EVT_VENDOR"
ecode 0004
ISR @2141 11
evt ff evtlen 08
"EVT_VENDOR"
ecode 0004
ISR @2154 11
evt ff evtlen 08
"EVT_VENDOR"
ecode 0004
ISR @2167 11
evt ff evtlen 08
"EVT_VENDOR"
ecode 0004
ISR @2180 11
evt ff evtlen 08
"EVT_VENDOR"
ecode 0004
ISR @2193 11
evt ff evtlen 08
"EVT_VENDOR"
ecode 0004
ISR @2206 11
evt ff evtlen 08
"EVT_VENDOR"
ecode 0004
ISR @2219 11
evt ff evtlen 08
"EVT_VENDOR"
ecode 0004
ISR @2232 11
evt ff evtlen 08
"EVT_VENDOR"
ecode 0004
ISR @2245 11
evt ff evtlen 08
"EVT_VENDOR"
ecode 0004
ISR @2258 11
evt ff evtlen 08
"EVT_VENDOR"
ecode 0004
ISR @2271 11
evt ff evtlen 08
"EVT_VENDOR"
ecode 0004
ISR @2284 11
evt ff evtlen 08
"EVT_VENDOR"
ecode 0004
ISR @2297 11
evt ff evtlen 08
"EVT_VENDOR"
ecode 0004
ISR @2310 11
evt ff evtlen 08
"EVT_VENDOR"
ecode 0004
ISR @2323 11
evt ff evtlen 08
"EVT_VENDOR"
ecode 0004
ISR @2336 11
evt ff evtlen 08
"EVT_VENDOR"
ecode 0004
ISR @2349 11
evt ff evtlen 08
"EVT_VENDOR"
ecode 0004
ISR @2362 11
evt ff evtlen 08
"EVT_VENDOR"
ecode 0004
ISR @2375 11
evt ff evtlen 08
"EVT_VENDOR"
ecode 0004
ISR @2388 11
evt ff evtlen 08
"EVT_VENDOR"
ecode 0004
ISR @2401 11
evt ff evtlen 08
"EVT_VENDOR"
ecode 0004
ISR @2414 11
evt ff evtlen 08
"EVT_VENDOR"
ecode 0004
ISR @2427 11
evt ff evtlen 08
"EVT_VENDOR"
ecode 0004
ISR @2440 11
evt ff evtlen 08
"EVT_VENDOR"
ecode 0004
ISR @2453 11
evt ff evtlen 08
"EVT_VENDOR"
ecode 0004
ISR @2466 11
evt ff evtlen 08
"EVT_VENDOR"
ecode 0004
ISR @2479 11
evt ff evtlen 08
"EVT_VENDOR"
ecode 0004
ISR @2492 11
evt ff evtlen 08
"EVT_VENDOR"
ecode 0004
ISR @2505 11
evt ff evtlen 08
"EVT_VENDOR"
ecode 0004
ISR @2518 11
evt ff evtlen 08
"EVT_VENDOR"
ecode 0004
ISR @2531 11
evt ff evtlen 08
"EVT_VENDOR"
ecode 0004
ISR @2544 11
evt ff evtlen 08
"EVT_VENDOR"
ecode 0004
ISR @2557 11
evt ff evtlen 08
"EVT_VENDOR"
ecode 0004
ISR @2570 11
evt ff evtlen 08
"EVT_VENDOR"
ecode 0004
ISR @2583 22
evt 3e evtlen 13
"EVT_LE_META_EVENT"
subevent 01
ISR @2607 11
evt ff evtlen 08
"EVT_VENDOR"
ecode 0004
ISR @2620 15
evt ff evtlen 0c
"EVT_VENDOR"
ecode 0c01 (Evt_Blue_Gatt_Attr_modified)
conn_handle 0801
attr_handle 0011
data_length 0000
offset 0002
ISR @2637 11
evt ff evtlen 08
"EVT_VENDOR"
ecode 0004
ISR @2650 11
evt ff evtlen 08
"EVT_VENDOR"
ecode 0004
ISR @2663 11
evt ff evtlen 08
"EVT_VENDOR"
ecode 0004
ISR @2676 11
evt ff evtlen 08
"EVT_VENDOR"
ecode 0004
ISR @2689 11
evt ff evtlen 08
"EVT_VENDOR"
ecode 0004
ISR @2702 11
evt ff evtlen 08
"EVT_VENDOR"
ecode 0004
ISR @2715 11
evt ff evtlen 08
"EVT_VENDOR"
ecode 0004
ISR @2728 11
evt ff evtlen 08
"EVT_VENDOR"
ecode 0004
ISR @2741 11
evt ff evtlen 08
"EVT_VENDOR"
ecode 0004
ISR @2754 11
evt ff evtlen 08
"EVT_VENDOR"
ecode 0004
ISR @2767 11
evt ff evtlen 08
"EVT_VENDOR"
ecode 0004
ISR @2780 11
evt ff evtlen 08
"EVT_VENDOR"
ecode 0004
ISR @2793 11
evt ff evtlen 08
"EVT_VENDOR"
ecode 0004
ISR @2806 11
evt ff evtlen 08
"EVT_VENDOR"
ecode 0004
ISR @2819 11
evt ff evtlen 08
"EVT_VENDOR"
ecode 0004
ISR @2832 11
evt ff evtlen 08
"EVT_VENDOR"
ecode 0004
ISR @2845 11
evt ff evtlen 08
"EVT_VENDOR"
ecode 0004
ISR @2858 11
evt ff evtlen 08
"EVT_VENDOR"
ecode 0004
ISR @2871 11
evt ff evtlen 08
"EVT_VENDOR"
ecode 0004
ISR @2884 11
evt ff evtlen 08
"EVT_VENDOR"
ecode 0004
ISR @2897 11
evt ff evtlen 08
"EVT_VENDOR"
ecode 0004
ISR @2910 11
evt ff evtlen 08
"EVT_VENDOR"
ecode 0004
ISR @2923 11
evt ff evtlen 08
"EVT_VENDOR"
ecode 0004
ISR @2936 11
evt ff evtlen 08
"EVT_VENDOR"
ecode 0004
ISR @2949 11
evt ff evtlen 08
"EVT_VENDOR"
ecode 0004
ISR @2962 11
evt ff evtlen 08
"EVT_VENDOR"
ecode 0004
ISR @2975 11
evt ff evtlen 08
"EVT_VENDOR"
ecode 0004
ISR @2988 11
evt ff evtlen 08
"EVT_VENDOR"
ecode 0004
ISR @3001 11
evt ff evtlen 08
"EVT_VENDOR"
ecode 0004
ISR @3014 11
evt ff evtlen 08
"EVT_VENDOR"
ecode 0004
ISR @3027 11
evt ff evtlen 08
"EVT_VENDOR"
ecode 0004
ISR @3040 11
evt ff evtlen 08
"EVT_VENDOR"
ecode 0004
ISR @3053 11
evt ff evtlen 08
"EVT_VENDOR"
ecode 0004
ISR @3066 11
evt ff evtlen 08
"EVT_VENDOR"
ecode 0004
ISR @3079 11
evt ff evtlen 08
"EVT_VENDOR"
ecode 0004
ISR @3092 11
evt ff evtlen 08
"EVT_VENDOR"
ecode 0004
ISR @3105 11
evt ff evtlen 08
"EVT_VENDOR"
ecode 0004
ISR @3118 11
evt ff evtlen 08
"EVT_VENDOR"
ecode 0004
ISR @3131 11
evt ff evtlen 08
"EVT_VENDOR"
ecode 0004
ISR @3144 11
evt ff evtlen 08
"EVT_VENDOR"
ecode 0004
ISR @3157 11
evt ff evtlen 08
"EVT_VENDOR"
ecode 0004
ISR @3170 11
evt ff evtlen 08
"EVT_VENDOR"
ecode 0004
ISR @3183 11
evt ff evtlen 08
"EVT_VENDOR"
ecode 0004
ISR @3196 11
evt ff evtlen 08
"EVT_VENDOR"
ecode 0004
ISR @3209 11
evt ff evtlen 08
"EVT_VENDOR"
ecode 0004
ISR @3222 11
evt ff evtlen 08
"EVT_VENDOR"
ecode 0004
ISR @3235 11
evt ff evtlen 08
"EVT_VENDOR"
ecode 0004
ISR @3248 11
evt ff evtlen 08
"EVT_VENDOR"
ecode 0004
ISR @3261 11
evt ff evtlen 08
"EVT_VENDOR"
ecode 0004
ISR @3274 11
evt ff evtlen 08
"EVT_VENDOR"
ecode 0004
ISR @3287 11
evt ff evtlen 08
"EVT_VENDOR"
ecode 0004
ISR @3300 11
evt ff evtlen 08
"EVT_VENDOR"
ecode 0004
ISR @3313 11
evt ff evtlen 08
"EVT_VENDOR"
ecode 0004
ISR @3326 11
evt ff evtlen 08
"EVT_VENDOR"
ecode 0004
ISR @3339 11
evt ff evtlen 08
"EVT_VENDOR"
ecode 0004
ISR @3352 11
evt ff evtlen 08
"EVT_VENDOR"
ecode 0004
ISR @3365 11
evt ff evtlen 08
"EVT_VENDOR"
ecode 0004
ISR @3378 11
evt ff evtlen 08
"EVT_VENDOR"
ecode 0004
ISR @3391 11
evt ff evtlen 08
"EVT_VENDOR"
ecode 0004
ISR @3404 11
evt ff evtlen 08
"EVT_VENDOR"
ecode 0004
ISR @3417 11
evt ff evtlen 08
"EVT_VENDOR"
ecode 0004
ISR @3430 11
evt ff evtlen 08
"EVT_VENDOR"
ecode 0004
ISR @3443 11
evt ff evtlen 08
"EVT_VENDOR"
ecode 0004
ISR @3456 11
evt ff evtlen 08
"EVT_VENDOR"
ecode 0004
ISR @3469 11
evt ff evtlen 08
"EVT_VENDOR"
ecode 0004
ISR @3482 11
evt ff evtlen 08
"EVT_VENDOR"
ecode 0004
ISR @3495 11
evt ff evtlen 08
"EVT_VENDOR"
ecode 0004
ISR @3508 11
evt ff evtlen 08
"EVT_VENDOR"
ecode 0004
ISR @3521 11
evt ff evtlen 08
"EVT_VENDOR"
ecode 0004
ISR @3534 11
evt ff evtlen 08
"EVT_VENDOR"
ecode 0004
ISR @3547 11
evt ff evtlen 08
"EVT_VENDOR"
ecode 0004
SENDCMD @3560 4 7 ogf 3f ocf 123 OGF_VENDOR_CMD OCF_GATT_WRITE_WITHOUT_RESPONSE plen 7
ISR @3574 7
evt 0e evtlen 04
"EVT_CMD_COMPLETE_CODE"
[3f,123]
status 00
ISR @3583 11
evt ff evtlen 08
"EVT_VENDOR"
ecode 0004
ISR @3596 11
evt ff evtlen 08
"EVT_VENDOR"
ecode 0004
ISR @3609 11
evt ff evtlen 08
"EVT_VENDOR"
ecode 0004
ISR @3622 11
evt ff evtlen 08
"EVT_VENDOR"
ecode 0004
ISR @3635 11
evt ff evtlen 08
"EVT_VENDOR"
ecode 0004
ISR @3648 11
evt ff evtlen 08
"EVT_VENDOR"
ecode 0004
ISR @3661 11
evt ff evtlen 08
"EVT_VENDOR"
ecode 0004
ISR @3674 11
evt ff evtlen 08
"EVT_VENDOR"
ecode 0004
ISR @3687 11
evt ff evtlen 08
"EVT_VENDOR"
ecode 0004
ISR @3700 11
evt ff evtlen 08
"EVT_VENDOR"
ecode 0004
ISR @3713 11
evt ff evtlen 08
"EVT_VENDOR"
ecode 0004
ISR @3726 11
evt ff evtlen 08
"EVT_VENDOR"
ecode 0004
ISR @3739 11
evt ff evtlen 08
"EVT_VENDOR"
ecode 0004
ISR @3752 11
evt ff evtlen 08
"EVT_VENDOR"
ecode 0004
ISR @3765 11
evt ff evtlen 08
"EVT_VENDOR"
ecode 0004
ISR @3778 11
evt ff evtlen 08
"EVT_VENDOR"
ecode 0004
ISR @3791 11
evt ff evtlen 08
"EVT_VENDOR"
ecode 0004
ISR @3804 11
evt ff evtlen 08
"EVT_VENDOR"
ecode 0004
ISR @3817 11
evt ff evtlen 08
"EVT_VENDOR"
ecode 0004
ISR @3830 11
evt ff evtlen 08
"EVT_VENDOR"
ecode 0004
ISR @3843 11
evt ff evtlen 08
"EVT_VENDOR"
ecode 0004
ISR @3856 11
evt ff evtlen 08
"EVT_VENDOR"
ecode 0004
ISR @3869 11
evt ff evtlen 08
"EVT_VENDOR"
ecode 0004
ISR @3882 11
evt ff evtlen 08
"EVT_VENDOR"
ecode 0004
ISR @3895 11
evt ff evtlen 08
"EVT_VENDOR"
ecode 0004
ISR @3908 11
evt ff evtlen 08
"EVT_VENDOR"
ecode 0004
ISR @3921 11
evt ff evtlen 08
"EVT_VENDOR"
ecode 0004
ISR @3934 11
evt ff evtlen 08
"EVT_VENDOR"
ecode 0004
ISR @3947 11
evt ff evtlen 08
"EVT_VENDOR"
ecode 0004
ISR @3960 11
evt ff evtlen 08
"EVT_VENDOR"
ecode 0004
ISR @3973 11
evt ff evtlen 08
"EVT_VENDOR"
ecode 0004
ISR @3986 11
evt ff evtlen 08
"EVT_VENDOR"
ecode 0004
ISR @3999 11
evt ff evtlen 08
"EVT_VENDOR"
ecode 0004
ISR @4012 11
evt ff evtlen 08
"EVT_VENDOR"
ecode 0004
ISR @4025 11
evt ff evtlen 08
"EVT_VENDOR"
ecode 0004
ISR @4038 11
evt ff evtlen 08
"EVT_VENDOR"
ecode 0004
ISR @4051 11
evt ff evtlen 08
"EVT_VENDOR"
ecode 0004
ISR @4064 11
evt ff evtlen 08
"EVT_VENDOR"
ecode 0004
ISR @4077 11
evt ff evtlen 08
"EVT_VENDOR"
ecode 0004
ISR @4090 11
evt ff evtlen 08
"EVT_VENDOR"
ecode 0004
ISR @4103 11
evt ff evtlen 08
"EVT_VENDOR"
ecode 0004
ISR @4116 11
evt ff evtlen 08
"EVT_VENDOR"
ecode 0004
ISR @4129 11
evt ff evtlen 08
"EVT_VENDOR"
ecode 0004
ISR @4142 11
evt ff evtlen 08
"EVT_VENDOR"
ecode 0004
ISR @4155 11
evt ff evtlen 08
"EVT_VENDOR"
ecode 0004
ISR @4168 11
evt ff evtlen 08
"EVT_VENDOR"
ecode 0004
ISR @4181 11
evt ff evtlen 08
"EVT_VENDOR"
ecode 0004
ISR @4194 11
evt ff evtlen 08
"EVT_VENDOR"
ecode 0004
ISR @4207 11
evt ff evtlen 08
"EVT_VENDOR"
ecode 0004
ISR @4220 11
evt ff evtlen 08
"EVT_VENDOR"
ecode 0004
ISR @4233 11
evt ff evtlen 08
"EVT_VENDOR"
ecode 0004
ISR @4246 11
evt ff evtlen 08
"EVT_VENDOR"
ecode 0004
ISR @4259 11
evt ff evtlen 08
"EVT_VENDOR"
ecode 0004
ISR @4272 11
evt ff evtlen 08
"EVT_VENDOR"
ecode 0004
ISR @4285 11
evt ff evtlen 08
"EVT_VENDOR"
ecode 0004
ISR @4298 11
evt ff evtlen 08
"EVT_VENDOR"
ecode 0004
ISR @4311 11
evt ff evtlen 08
"EVT_VENDOR"
ecode 0004
ISR @4324 11
evt ff evtlen 08
"EVT_VENDOR"
ecode 0004
ISR @4337 11
evt ff evtlen 08
"EVT_VENDOR"
ecode 0004
ISR @4350 11
evt ff evtlen 08
"EVT_VENDOR"
ecode 0004
ISR @4363 11
evt ff evtlen 08
"EVT_VENDOR"
ecode 0004
ISR @4376 11
evt ff evtlen 08
"EVT_VENDOR"
ecode 0004
ISR @4389 11
evt ff evtlen 08
"EVT_VENDOR"
ecode 0004
ISR @4402 11
evt ff evtlen 08
"EVT_VENDOR"
ecode 0004
ISR @4415 11
evt ff evtlen 08
"EVT_VENDOR"
ecode 0004
ISR @4428 11
evt ff evtlen 08
"EVT_VENDOR"
ecode 0004
ISR @4441 11
evt ff evtlen 08
"EVT_VENDOR"
ecode 0004
ISR @4454 11
evt ff evtlen 08
"EVT_VENDOR"
ecode 0004
ISR @4467 11
evt ff evtlen 08
"EVT_VENDOR"
ecode 0004
ISR @4480 11
evt ff evtlen 08
"EVT_VENDOR"
ecode 0004
ISR @4493 11
evt ff evtlen 08
"EVT_VENDOR"
ecode 0004
ISR @4506 11
evt ff evtlen 08
"EVT_VENDOR"
ecode 0004
ISR @4519 11
evt ff evtlen 08
"EVT_VENDOR"
ecode 0004
SENDCMD @4532 4 7 ogf 3f ocf 123 OGF_VENDOR_CMD OCF_GATT_WRITE_WITHOUT_RESPONSE plen 7
ISR @4546 7
evt 0e evtlen 04
"EVT_CMD_COMPLETE_CODE"
[3f,123]
status 00
ISR @4555 11
evt ff evtlen 08
"EVT_VENDOR"
ecode 0004
ISR @4568 11
evt ff evtlen 08
"EVT_VENDOR"
ecode 0004
ISR @4581 11
evt ff evtlen 08
"EVT_VENDOR"
ecode 0004
ISR @4594 11
evt ff evtlen 08
"EVT_VENDOR"
ecode 0004
ISR @4607 11
evt ff evtlen 08
"EVT_VENDOR"
ecode 0004
ISR @4620 11
evt ff evtlen 08
"EVT_VENDOR"
ecode 0004
ISR @4633 11
evt ff evtlen 08
"EVT_VENDOR"
ecode 0004
ISR @4646 11
evt ff evtlen 08
"EVT_VENDOR"
ecode 0004
ISR @4659 11
evt ff evtlen 08
"EVT_VENDOR"
ecode 0004
ISR @4672 11
evt ff evtlen 08
"EVT_VENDOR"
ecode 0004
ISR @4685 11
evt ff evtlen 08
"EVT_VENDOR"
ecode 0004
ISR @4698 11
evt ff evtlen 08
"EVT_VENDOR"
ecode 0004
ISR @4711 11
evt ff evtlen 08
"EVT_VENDOR"
ecode 0004
ISR @4724 11
evt ff evtlen 08
"EVT_VENDOR"
ecode 0004
ISR @4737 11
evt ff evtlen 08
"EVT_VENDOR"
ecode 0004
ISR @4750 11
evt ff evtlen 08
"EVT_VENDOR"
ecode 0004
ISR @4763 11
evt ff evtlen 08
"EVT_VENDOR"
ecode 0004
ISR @4776 11
evt ff evtlen 08
"EVT_VENDOR"
ecode 0004
ISR @4789 11
evt ff evtlen 08
"EVT_VENDOR"
ecode 0004
ISR @4802 11
evt ff evtlen 08
"EVT_VENDOR"
ecode 0004
ISR @4815 11
evt ff evtlen 08
"EVT_VENDOR"
ecode 0004
ISR @4828 11
evt ff evtlen 08
"EVT_VENDOR"
ecode 0004
ISR @4841 11
evt ff evtlen 08
"EVT_VENDOR"
ecode 0004
ISR @4854 11
evt ff evtlen 08
"EVT_VENDOR"
ecode 0004
ISR @4867 11
evt ff evtlen 08
"EVT_VENDOR"
ecode 0004
ISR @4880 11
evt ff evtlen 08
"EVT_VENDOR"
ecode 0004
ISR @4893 11
evt ff evtlen 08
"EVT_VENDOR"
ecode 0004
ISR @4906 11
evt ff evtlen 08
"EVT_VENDOR"
ecode 0004
ISR @4919 11
evt ff evtlen 08
"EVT_VENDOR"
ecode 0004
ISR @4932 11
evt ff evtlen 08
"EVT_VENDOR"
ecode 0004
ISR @4945 11
evt ff evtlen 08
"EVT_VENDOR"
ecode 0004
ISR @4958 11
evt ff evtlen 08
"EVT_VENDOR"
ecode 0004
ISR @4971 11
evt ff evtlen 08
"EVT_VENDOR"
ecode 0004
ISR @4984 11
evt ff evtlen 08
"EVT_VENDOR"
ecode 0004
ISR @4997 11
evt ff evtlen 08
"EVT_VENDOR"
ecode 0004
ISR @5010 11
evt ff evtlen 08
"EVT_VENDOR"
ecode 0004
ISR @5023 11
evt ff evtlen 08
"EVT_VENDOR"
ecode 0004
ISR @5036 11
evt ff evtlen 08
"EVT_VENDOR"
ecode 0004
ISR @5049 11
evt ff evtlen 08
"EVT_VENDOR"
ecode 0004
ISR @5062 11
evt ff evtlen 08
"EVT_VENDOR"
ecode 0004
ISR @5075 11
evt ff evtlen 08
"EVT_VENDOR"
ecode 0004
ISR @5088 11
evt ff evtlen 08
"EVT_VENDOR"
ecode 0004
ISR @5101 11
evt ff evtlen 08
"EVT_VENDOR"
ecode 0004
ISR @5114 11
evt ff evtlen 08
"EVT_VENDOR"
ecode 0004
ISR @5127 11
evt ff evtlen 08
"EVT_VENDOR"
ecode 0004
ISR @5140 11
evt ff evtlen 08
"EVT_VENDOR"
ecode 0004
ISR @5153 11
evt ff evtlen 08
"EVT_VENDOR"
ecode 0004
ISR @5166 11
evt ff evtlen 08
"EVT_VENDOR"
ecode 0004
ISR @5179 11
evt ff evtlen 08
"EVT_VENDOR"
ecode 0004
ISR @5192 11
evt ff evtlen 08
"EVT_VENDOR"
ecode 0004
ISR @5205 11
evt ff evtlen 08
"EVT_VENDOR"
ecode 0004
ISR @5218 11
evt ff evtlen 08
"EVT_VENDOR"
ecode 0004
ISR @5231 11
evt ff evtlen 08
"EVT_VENDOR"
ecode 0004
ISR @5244 11
evt ff evtlen 08
"EVT_VENDOR"
ecode 0004
ISR @5257 11
evt ff evtlen 08
"EVT_VENDOR"
ecode 0004
ISR @5270 11
evt ff evtlen 08
"EVT_VENDOR"
ecode 0004
ISR @5283 11
evt ff evtlen 08
"EVT_VENDOR"
ecode 0004
ISR @5296 11
evt ff evtlen 08
"EVT_VENDOR"
ecode 0004
ISR @5309 11
evt ff evtlen 08
"EVT_VENDOR"
ecode 0004
ISR @5322 11
evt ff evtlen 08
"EVT_VENDOR"
ecode 0004
ISR @5335 11
evt ff evtlen 08
"EVT_VENDOR"
ecode 0004
ISR @5348 11
evt ff evtlen 08
"EVT_VENDOR"
ecode 0004
ISR @5361 11
evt ff evtlen 08
"EVT_VENDOR"
ecode 0004
ISR @5374 11
evt ff evtlen 08
"EVT_VENDOR"
ecode 0004
ISR @5387 11
evt ff evtlen 08
"EVT_VENDOR"
ecode 0004
ISR @5400 11
evt ff evtlen 08
"EVT_VENDOR"
ecode 0004
ISR @5413 11
evt ff evtlen 08
"EVT_VENDOR"
ecode 0004
ISR @5426 11
evt ff evtlen 08
"EVT_VENDOR"
ecode 0004
ISR @5439 11
evt ff evtlen 08
"EVT_VENDOR"
ecode 0004
ISR @5452 11
evt ff evtlen 08
"EVT_VENDOR"
ecode 0004
ISR @5465 11
evt ff evtlen 08
"EVT_VENDOR"
ecode 0004
ISR @5478 11
evt ff evtlen 08
"EVT_VENDOR"
ecode 0004
ISR @5491 11
evt ff evtlen 08
"EVT_VENDOR"
ecode 0004
ISR @5504 11
evt ff evtlen 08
"EVT_VENDOR"
ecode 0004
ISR @5517 11
evt ff evtlen 08
"EVT_VENDOR"
ecode 0004
ISR @5530 15
evt ff evtlen 0c
"EVT_VENDOR"
ecode 0c01 (Evt_Blue_Gatt_Attr_modified)
conn_handle 0801
attr_handle 000e
data_length 0000
offset 0002
ISR @5547 11
evt ff evtlen 08
"EVT_VENDOR"
ecode 0004
ISR @5560 11
evt ff evtlen 08
"EVT_VENDOR"
ecode 0004
ISR @5573 11
evt ff evtlen 08
"EVT_VENDOR"
ecode 0004
ISR @5586 11
evt ff evtlen 08
"EVT_VENDOR"
ecode 0004
ISR @5599 11
evt ff evtlen 08
"EVT_VENDOR"
ecode 0004
ISR @5612 11
evt ff evtlen 08
"EVT_VENDOR"
ecode 0004
ISR @5625 11
evt ff evtlen 08
"EVT_VENDOR"
ecode 0004
ISR @5638 11
evt ff evtlen 08
"EVT_VENDOR"
ecode 0004
ISR @5651 11
evt ff evtlen 08
"EVT_VENDOR"
ecode 0004
ISR @5664 11
evt ff evtlen 08
"EVT_VENDOR"
ecode 0004
ISR @5677 11
evt ff evtlen 08
"EVT_VENDOR"
ecode 0004
ISR @5690 11
evt ff evtlen 08
"EVT_VENDOR"
ecode 0004
ISR @5703 11
evt ff evtlen 08
"EVT_VENDOR"
ecode 0004
ISR @5716 11
evt ff evtlen 08
"EVT_VENDOR"
ecode 0004
ISR @5729 11
evt ff evtlen 08
"EVT_VENDOR"
ecode 0004
ISR @5742 11
evt ff evtlen 08
"EVT_VENDOR"
ecode 0004
ISR @5755 11
evt ff evtlen 08
"EVT_VENDOR"
ecode 0004
ISR @5768 11
evt ff evtlen 08
"EVT_VENDOR"
ecode 0004
ISR @5781 11
evt ff evtlen 08
"EVT_VENDOR"
ecode 0004
ISR @5794 11
evt ff evtlen 08
"EVT_VENDOR"
ecode 0004
ISR @5807 11
evt ff evtlen 08
"EVT_VENDOR"
ecode 0004
ISR @5820 11
evt ff evtlen 08
"EVT_VENDOR"
ecode 0004
ISR @5833 11
evt ff evtlen 08
"EVT_VENDOR"
ecode 0004
ISR @5846 11
evt ff evtlen 08
"EVT_VENDOR"
ecode 0004
ISR @5859 11
evt ff evtlen 08
"EVT_VENDOR"
ecode 0004
ISR @5872 11
evt ff evtlen 08
"EVT_VENDOR"
ecode 0004
ISR @5885 11
evt ff evtlen 08
"EVT_VENDOR"
ecode 0004
ISR @5898 11
evt ff evtlen 08
"EVT_VENDOR"
ecode 0004
ISR @5911 11
evt ff evtlen 08
"EVT_VENDOR"
ecode 0004
ISR @5924 11
evt ff evtlen 08
"EVT_VENDOR"
ecode 0004
ISR @5937 11
evt ff evtlen 08
"EVT_VENDOR"
ecode 0004
ISR @5950 11
evt ff evtlen 08
"EVT_VENDOR"
ecode 0004
ISR @5963 11
evt ff evtlen 08
"EVT_VENDOR"
ecode 0004
"Lost"
