(gdb) where
#0  0x08013b50 in system.bb.time."&" (left=837, right=2869417061) at /home/hedley/ada/STM32/F/F103/aqico2_1306/Ada_Drivers_Library/embedded-runtimes/base_runtimes/ravenscar-ssfp/gnarl-common/s-bbtime.adb:71
#1  0x0801381c in system.bb.time.clock () at /home/hedley/ada/STM32/F/F103/aqico2_1306/Ada_Drivers_Library/embedded-runtimes/base_runtimes/ravenscar-ssfp/gnarl-common/s-bbtime.adb:295
#2  0x080105a8 in system.task_primitives.operations.monotonic_clock () at /home/hedley/ada/STM32/F/F103/aqico2_1306/Ada_Drivers_Library/embedded-runtimes/base_runtimes/ravenscar-ssfp/gnarl-common/s-taprop.adb:139
#3  0x0800feb0 in ada.real_time.clock () at /home/hedley/ada/STM32/F/F103/aqico2_1306/Ada_Drivers_Library/embedded-runtimes/base_runtimes/ravenscar-ssfp/gnarl-common/a-reatim.adb:313
#4  0x0800029a in aqi () at /home/hedley/ada/STM32/F/F103/aqico2_1306/src/aqi.adb:198


$5 = (66, 77, 0, 28, 0, 22, 0, 40, 0, 40, 0, 21, 0, 36, 0, 40, 15, 156, 4, 123, 1, 10, 0, 22, 0, 0, 0, 0, 151, 0, 3, 84)
$6 = (66, 77, 0, 28, 0, 22, 0, 36, 0, 40, 0, 21, 0, 33, 0, 40, 15, 147, 4, 79, 0, 234, 0, 21, 0, 6, 0, 4, 151, 0, 0, 4)

[66,77,0,28,0,22,0,40,0,40,0,21,0,36,0,40,15,156,4,123,1,10,0,22,0,0,0,0,151,0,3,84]

[66,77,0,28,0,22,0,36,0,40,0,21,0,33,0,40,15,147,4,79,0,234,0,21,0,6,0,4,151,0,0,4]

[66,77,0,28,0,23,0,33,0,33,0,22,0,32,0,33,15,147,4,83,0,233,0,6,0,0,0,0,151,0,4,66]
[66,77,0,28,0,23,0,33,0,33,0,22,0,32,0,33,15,147,4,83,0,233,0,6,0,0,0,0,151,0,4,66]
[66,77,0,28,0,23,0,33,0,33,0,22,0,32,0,33,15,147,4,83,0,233,0,6,0,0,0,0,151,0,66,4]
[66,77,0,28,0,23,0,33,0,33,0,22,0,32,0,33,15,147,4,83,0,233,0,6,0,0,0,0,151,0,66,4]
[66,77,0,28,0,24,0,39,0,44,0,22,0,35,0,44,16,68,4,211,1,24,0,16,0,6,0,4,151,0,112,3]
[66,77,0,28,0,23,0,34,0,38,0,22,0,32,0,38,15,216,4,126,0,250,0,8,0,6,0,4,151,0,4,114]
[66,77,0,28,0,23,0,34,0,38,0,22,0,32,0,38,15,216,4,126,0,250,0,8,0,6,0,4,151,0,114,4]
[66,77,0,28,0,21,0,39,0,44,0,20,0,35,0,44,15,213,4,119,1,32,0,23,0,6,0,2,151,0,3,172]
[66,77,0,28,0,23,0,36,0,38,0,22,0,33,0,38,16,11,4,180,0,228,0,12,0,0,0,0,151,0,195,3]
[66,77,0,28,0,0,0,1,0,1,0,0,0,1,0,1,1,176,0,112,0,15,0,0,0,0,0,0,151,0,2,118]
[66,77,0,28,0,2,0,2,0,2,0,2,0,2,0,2,1,233,0,122,0,22,0,0,0,0,0,0,151,0,2,200]
[66,77,0,28,0,1,0,2,0,2,0,1,0,2,0,2,1,176,0,112,0,15,0,0,0,0,0,0,151,0,2,124]
[66,77,0,28,0,1,0,1,0,1,0,1,0,1,0,1,1,242,0,123,0,6,0,0,0,0,0,0,151,0,188,2]

0x200014a4<pm_task__pm_curr>:	0x4d42	0x1c00	0x0000	0x0100	0x0100	0x0000	0x0100	0x0100
0x200014b4<pm_task__pm_curr+16>:	0xb001	0x7000	0x0f00	0x0000	0x0000	0x0000	0x0097	0x0276

0x200014a4<pm_task__pm_curr>:	0x4d42	0x1c00	0x0000	0x0100	0x0100	0x0000	0x0100	0x0100
0x200014b4<pm_task__pm_curr+16>:	0xb001	0x7000	0x0f00	0x0000	0x0000	0x0000	0x0097	0x0276

$1 = (0 => 254, 68, 0, 8, 2, 159, 37)
